[
{as: [[0,0,0,0],[0,1,1,1],[1,0,1,1],[1,1,0,1],[1,1,1,1]], bs: [[0,0,1,0],[0,1,0,0],[0,1,1,0],[1,0,0,0]]},
{as: [[0,0,0,0],[0,1,1,1],[1,0,1,1],[1,1,0,1],[1,1,1,1]], bs: [[0,0,1,0],[0,1,0,0],[1,0,0,0],[1,1,1,0]]},
{as: [[0,0,0,0],[0,1,1,1],[1,0,1,1],[1,1,0,1],[1,1,1,1]], bs: [[0,0,1,0],[0,1,0,0],[1,0,1,0],[1,1,0,0]]},
{as: [[0,0,0,1],[0,0,1,0],[1,1,0,1],[1,1,1,0],[1,1,1,1]], bs: [[0,0,0,0],[0,1,0,0],[0,1,0,1],[1,0,0,0]]},
{as: [[0,0,0,1],[0,0,1,0],[1,1,0,1],[1,1,1,0],[1,1,1,1]], bs: [[0,0,0,0],[0,1,0,0],[1,0,0,0],[1,1,0,0]]},
{as: [[0,0,0,1],[0,0,1,0],[1,1,0,1],[1,1,1,0],[1,1,1,1]], bs: [[0,0,0,0],[0,1,0,0],[1,0,0,1],[1,0,1,0]]},
{as: [[0,0,0,1],[0,0,1,0],[1,1,0,1],[1,1,1,0],[1,1,1,1]], bs: [[0,0,0,0],[0,1,0,0],[1,0,0,1],[1,1,0,0]]},
{as: [[0,0,0,1],[0,0,1,1],[1,1,0,0],[1,1,1,0],[1,1,1,1]], bs: [[0,0,0,0],[0,0,1,0],[0,1,0,0],[0,1,0,1]]},
{as: [[0,0,0,1],[0,0,1,1],[1,1,0,0],[1,1,1,0],[1,1,1,1]], bs: [[0,0,0,0],[0,0,1,0],[0,1,0,0],[0,1,1,0]]},
{as: [[0,0,0,1],[0,0,1,1],[1,1,0,0],[1,1,1,0],[1,1,1,1]], bs: [[0,0,0,0],[0,0,1,0],[0,1,0,0],[0,1,1,1]]},
{as: [[0,0,0,1],[0,0,1,1],[1,1,0,0],[1,1,1,0],[1,1,1,1]], bs: [[0,0,0,0],[0,0,1,0],[0,1,0,0],[1,0,0,0]]},
{as: [[0,0,0,1],[0,0,1,1],[1,1,0,0],[1,1,1,0],[1,1,1,1]], bs: [[0,0,0,0],[0,0,1,0],[0,1,0,0],[1,0,1,0]]},
{as: [[0,0,0,1],[0,0,1,1],[1,1,0,0],[1,1,1,0],[1,1,1,1]], bs: [[0,0,0,0],[0,0,1,0],[0,1,0,1],[0,1,1,0]]},
{as: [[0,0,0,1],[0,0,1,1],[1,1,0,0],[1,1,1,0],[1,1,1,1]], bs: [[0,0,0,0],[0,0,1,0],[0,1,0,1],[0,1,1,1]]},
{as: [[0,0,0,1],[0,0,1,1],[1,1,0,0],[1,1,1,0],[1,1,1,1]], bs: [[0,0,0,0],[0,1,0,0],[0,1,1,0],[1,0,0,0]]},
{as: [[0,0,0,1],[0,0,1,1],[1,1,0,0],[1,1,1,0],[1,1,1,1]], bs: [[0,0,0,0],[0,1,0,0],[0,1,1,0],[1,0,1,0]]},
{as: [[0,0,0,1],[0,0,1,1],[1,1,0,0],[1,1,1,0],[1,1,1,1]], bs: [[0,0,1,0],[0,1,0,0],[0,1,1,0],[1,0,0,0]]},
{as: [[0,0,0,1],[0,0,1,1],[1,1,0,0],[1,1,1,0],[1,1,1,1]], bs: [[0,1,0,0],[0,1,1,0],[1,0,0,0],[1,0,1,0]]},
{as: [[0,0,0,1],[0,0,1,1],[1,1,0,1],[1,1,1,0],[1,1,1,1]], bs: [[0,0,0,0],[0,0,1,0],[0,1,0,0],[0,1,0,1]]},
{as: [[0,0,0,1],[0,0,1,1],[1,1,0,1],[1,1,1,0],[1,1,1,1]], bs: [[0,0,0,0],[0,0,1,0],[0,1,0,0],[0,1,1,0]]},
{as: [[0,0,0,1],[0,0,1,1],[1,1,0,1],[1,1,1,0],[1,1,1,1]], bs: [[0,0,0,0],[0,0,1,0],[0,1,0,0],[0,1,1,1]]},
{as: [[0,0,0,1],[0,0,1,1],[1,1,0,1],[1,1,1,0],[1,1,1,1]], bs: [[0,0,0,0],[0,0,1,0],[0,1,0,0],[1,0,0,0]]},
{as: [[0,0,0,1],[0,0,1,1],[1,1,0,1],[1,1,1,0],[1,1,1,1]], bs: [[0,0,0,0],[0,0,1,0],[0,1,0,0],[1,0,0,1]]},
{as: [[0,0,0,1],[0,0,1,1],[1,1,0,1],[1,1,1,0],[1,1,1,1]], bs: [[0,0,0,0],[0,0,1,0],[0,1,0,0],[1,0,1,0]]},
{as: [[0,0,0,1],[0,0,1,1],[1,1,0,1],[1,1,1,0],[1,1,1,1]], bs: [[0,0,0,0],[0,0,1,0],[0,1,0,0],[1,1,0,0]]},
{as: [[0,0,0,1],[0,0,1,1],[1,1,0,1],[1,1,1,0],[1,1,1,1]], bs: [[0,0,0,0],[0,0,1,0],[0,1,0,1],[0,1,1,0]]},
{as: [[0,0,0,1],[0,0,1,1],[1,1,0,1],[1,1,1,0],[1,1,1,1]], bs: [[0,0,0,0],[0,0,1,0],[0,1,0,1],[0,1,1,1]]},
{as: [[0,0,0,1],[0,0,1,1],[1,1,0,1],[1,1,1,0],[1,1,1,1]], bs: [[0,0,0,0],[0,0,1,0],[0,1,0,1],[1,1,0,0]]},
{as: [[0,0,0,1],[0,0,1,1],[1,1,0,1],[1,1,1,0],[1,1,1,1]], bs: [[0,0,0,0],[0,0,1,0],[0,1,1,0],[1,1,0,0]]},
{as: [[0,0,0,1],[0,0,1,1],[1,1,0,1],[1,1,1,0],[1,1,1,1]], bs: [[0,0,0,0],[0,0,1,0],[0,1,1,1],[1,1,0,0]]},
{as: [[0,0,0,1],[0,0,1,1],[1,1,0,1],[1,1,1,0],[1,1,1,1]], bs: [[0,0,0,0],[0,1,0,0],[0,1,0,1],[1,0,0,0]]},
{as: [[0,0,0,1],[0,0,1,1],[1,1,0,1],[1,1,1,0],[1,1,1,1]], bs: [[0,0,0,0],[0,1,0,0],[0,1,1,0],[1,0,0,0]]},
{as: [[0,0,0,1],[0,0,1,1],[1,1,0,1],[1,1,1,0],[1,1,1,1]], bs: [[0,0,0,0],[0,1,0,0],[0,1,1,0],[1,0,1,0]]},
{as: [[0,0,0,1],[0,0,1,1],[1,1,0,1],[1,1,1,0],[1,1,1,1]], bs: [[0,0,0,0],[0,1,0,0],[1,0,0,0],[1,1,0,0]]},
{as: [[0,0,0,1],[0,0,1,1],[1,1,0,1],[1,1,1,0],[1,1,1,1]], bs: [[0,0,0,0],[0,1,0,0],[1,0,0,1],[1,0,1,0]]},
{as: [[0,0,0,1],[0,0,1,1],[1,1,0,1],[1,1,1,0],[1,1,1,1]], bs: [[0,0,0,0],[0,1,0,0],[1,0,0,1],[1,1,0,0]]},
{as: [[0,0,0,1],[0,0,1,1],[1,1,0,1],[1,1,1,0],[1,1,1,1]], bs: [[0,0,0,0],[0,1,0,0],[1,0,1,0],[1,1,0,0]]},
{as: [[0,0,0,1],[0,0,1,1],[1,1,0,1],[1,1,1,0],[1,1,1,1]], bs: [[0,0,0,0],[0,1,1,0],[1,0,1,0],[1,1,0,0]]},
{as: [[0,0,0,1],[0,0,1,1],[1,1,0,1],[1,1,1,0],[1,1,1,1]], bs: [[0,0,1,0],[0,1,0,0],[0,1,0,1],[1,0,0,0]]},
{as: [[0,0,0,1],[0,0,1,1],[1,1,0,1],[1,1,1,0],[1,1,1,1]], bs: [[0,0,1,0],[0,1,0,0],[0,1,1,0],[1,0,0,0]]},
{as: [[0,0,0,1],[0,0,1,1],[1,1,0,1],[1,1,1,0],[1,1,1,1]], bs: [[0,0,1,0],[0,1,0,0],[1,0,0,0],[1,1,0,0]]},
{as: [[0,0,0,1],[0,0,1,1],[1,1,0,1],[1,1,1,0],[1,1,1,1]], bs: [[0,0,1,0],[0,1,0,0],[1,0,0,1],[1,0,1,0]]},
{as: [[0,0,0,1],[0,0,1,1],[1,1,0,1],[1,1,1,0],[1,1,1,1]], bs: [[0,0,1,0],[0,1,0,0],[1,0,0,1],[1,1,0,0]]},
{as: [[0,0,0,1],[0,0,1,1],[1,1,0,1],[1,1,1,0],[1,1,1,1]], bs: [[0,0,1,0],[0,1,0,0],[1,0,1,0],[1,1,0,0]]},
{as: [[0,0,0,1],[0,0,1,1],[1,1,0,1],[1,1,1,0],[1,1,1,1]], bs: [[0,1,0,0],[0,1,1,0],[1,0,0,0],[1,0,1,0]]},
{as: [[0,0,0,1],[0,1,1,0],[1,0,1,0],[1,1,0,1],[1,1,1,1]], bs: [[0,0,0,0],[0,0,1,0],[0,1,0,0],[1,0,0,0]]},
{as: [[0,0,0,1],[0,1,1,0],[1,0,1,0],[1,1,0,1],[1,1,1,1]], bs: [[0,0,0,0],[0,0,1,0],[0,1,0,0],[1,1,0,0]]},
{as: [[0,0,0,1],[0,1,1,0],[1,0,1,0],[1,1,0,1],[1,1,1,1]], bs: [[0,0,0,0],[0,1,0,0],[0,1,0,1],[1,0,0,0]]},
{as: [[0,0,0,1],[0,1,1,0],[1,0,1,0],[1,1,0,1],[1,1,1,1]], bs: [[0,0,0,0],[0,1,0,0],[1,0,0,0],[1,1,0,0]]},
{as: [[0,0,0,1],[0,1,1,0],[1,0,1,0],[1,1,0,1],[1,1,1,1]], bs: [[0,0,0,0],[0,1,0,0],[1,0,0,0],[1,1,1,0]]},
{as: [[0,0,0,1],[0,1,1,0],[1,0,1,0],[1,1,0,1],[1,1,1,1]], bs: [[0,0,0,0],[0,1,0,0],[1,0,0,1],[1,1,0,0]]},
{as: [[0,0,0,1],[0,1,1,0],[1,0,1,0],[1,1,0,1],[1,1,1,1]], bs: [[0,0,1,0],[0,1,0,0],[1,0,0,0],[1,1,0,0]]},
{as: [[0,0,0,1],[0,1,1,0],[1,0,1,1],[1,1,0,1],[1,1,1,0]], bs: [[0,0,0,0],[0,0,1,0],[0,0,1,1],[1,0,0,0]]},
{as: [[0,0,0,1],[0,1,1,0],[1,0,1,1],[1,1,0,1],[1,1,1,0]], bs: [[0,0,0,0],[0,0,1,0],[0,1,0,0],[1,0,0,0]]},
{as: [[0,0,0,1],[0,1,1,0],[1,0,1,1],[1,1,0,1],[1,1,1,0]], bs: [[0,0,0,0],[0,0,1,0],[0,1,0,0],[1,0,0,1]]},
{as: [[0,0,0,1],[0,1,1,0],[1,0,1,1],[1,1,0,1],[1,1,1,0]], bs: [[0,0,0,0],[0,0,1,0],[0,1,0,0],[1,0,1,0]]},
{as: [[0,0,0,1],[0,1,1,0],[1,0,1,1],[1,1,0,1],[1,1,1,0]], bs: [[0,0,0,0],[0,0,1,0],[1,0,0,0],[1,0,0,1]]},
{as: [[0,0,0,1],[0,1,1,0],[1,0,1,1],[1,1,0,1],[1,1,1,0]], bs: [[0,0,0,0],[0,0,1,0],[1,0,0,0],[1,0,1,0]]},
{as: [[0,0,0,1],[0,1,1,0],[1,0,1,1],[1,1,0,1],[1,1,1,0]], bs: [[0,0,0,0],[0,0,1,0],[1,0,0,0],[1,1,0,0]]},
{as: [[0,0,0,1],[0,1,1,0],[1,0,1,1],[1,1,0,1],[1,1,1,0]], bs: [[0,0,0,0],[0,0,1,0],[1,0,0,1],[1,0,1,0]]},
{as: [[0,0,0,1],[0,1,1,0],[1,0,1,1],[1,1,0,1],[1,1,1,0]], bs: [[0,0,0,0],[0,0,1,0],[1,0,0,1],[1,1,0,0]]},
{as: [[0,0,0,1],[0,1,1,0],[1,0,1,1],[1,1,0,1],[1,1,1,0]], bs: [[0,0,0,0],[0,0,1,0],[1,0,1,0],[1,1,0,0]]},
{as: [[0,0,0,1],[0,1,1,0],[1,0,1,1],[1,1,0,1],[1,1,1,0]], bs: [[0,0,0,0],[0,0,1,1],[1,0,0,0],[1,0,1,0]]},
{as: [[0,0,0,1],[0,1,1,0],[1,0,1,1],[1,1,0,1],[1,1,1,0]], bs: [[0,0,1,0],[0,1,0,0],[1,0,0,0],[1,0,0,1]]},
{as: [[0,0,0,1],[0,1,1,0],[1,0,1,1],[1,1,0,1],[1,1,1,0]], bs: [[0,0,1,0],[0,1,0,0],[1,0,0,0],[1,0,1,0]]},
{as: [[0,0,0,1],[0,1,1,0],[1,0,1,1],[1,1,0,1],[1,1,1,0]], bs: [[0,0,1,0],[0,1,0,0],[1,0,0,1],[1,0,1,0]]},
{as: [[0,0,0,1],[0,1,1,0],[1,0,1,1],[1,1,0,1],[1,1,1,0]], bs: [[0,0,1,0],[0,1,0,0],[1,0,1,0],[1,1,0,0]]},
{as: [[0,0,0,1],[0,1,1,0],[1,0,1,1],[1,1,0,1],[1,1,1,1]], bs: [[0,0,0,0],[0,0,1,0],[0,0,1,1],[1,0,0,0]]},
{as: [[0,0,0,1],[0,1,1,0],[1,0,1,1],[1,1,0,1],[1,1,1,1]], bs: [[0,0,0,0],[0,0,1,0],[0,1,0,0],[1,0,0,0]]},
{as: [[0,0,0,1],[0,1,1,0],[1,0,1,1],[1,1,0,1],[1,1,1,1]], bs: [[0,0,0,0],[0,0,1,0],[0,1,0,0],[1,0,0,1]]},
{as: [[0,0,0,1],[0,1,1,0],[1,0,1,1],[1,1,0,1],[1,1,1,1]], bs: [[0,0,0,0],[0,0,1,0],[0,1,0,0],[1,0,1,0]]},
{as: [[0,0,0,1],[0,1,1,0],[1,0,1,1],[1,1,0,1],[1,1,1,1]], bs: [[0,0,0,0],[0,0,1,0],[0,1,0,0],[1,1,1,0]]},
{as: [[0,0,0,1],[0,1,1,0],[1,0,1,1],[1,1,0,1],[1,1,1,1]], bs: [[0,0,0,0],[0,0,1,0],[1,0,0,0],[1,0,0,1]]},
{as: [[0,0,0,1],[0,1,1,0],[1,0,1,1],[1,1,0,1],[1,1,1,1]], bs: [[0,0,0,0],[0,0,1,0],[1,0,0,0],[1,0,1,0]]},
{as: [[0,0,0,1],[0,1,1,0],[1,0,1,1],[1,1,0,1],[1,1,1,1]], bs: [[0,0,0,0],[0,0,1,0],[1,0,0,0],[1,1,0,0]]},
{as: [[0,0,0,1],[0,1,1,0],[1,0,1,1],[1,1,0,1],[1,1,1,1]], bs: [[0,0,0,0],[0,0,1,0],[1,0,0,0],[1,1,1,0]]},
{as: [[0,0,0,1],[0,1,1,0],[1,0,1,1],[1,1,0,1],[1,1,1,1]], bs: [[0,0,0,0],[0,0,1,0],[1,0,0,1],[1,0,1,0]]},
{as: [[0,0,0,1],[0,1,1,0],[1,0,1,1],[1,1,0,1],[1,1,1,1]], bs: [[0,0,0,0],[0,0,1,0],[1,0,0,1],[1,1,0,0]]},
{as: [[0,0,0,1],[0,1,1,0],[1,0,1,1],[1,1,0,1],[1,1,1,1]], bs: [[0,0,0,0],[0,0,1,0],[1,0,0,1],[1,1,1,0]]},
{as: [[0,0,0,1],[0,1,1,0],[1,0,1,1],[1,1,0,1],[1,1,1,1]], bs: [[0,0,0,0],[0,0,1,0],[1,0,1,0],[1,1,0,0]]},
{as: [[0,0,0,1],[0,1,1,0],[1,0,1,1],[1,1,0,1],[1,1,1,1]], bs: [[0,0,0,0],[0,0,1,0],[1,1,0,0],[1,1,1,0]]},
{as: [[0,0,0,1],[0,1,1,0],[1,0,1,1],[1,1,0,1],[1,1,1,1]], bs: [[0,0,0,0],[0,0,1,1],[1,0,0,0],[1,0,1,0]]},
{as: [[0,0,0,1],[0,1,1,0],[1,0,1,1],[1,1,0,1],[1,1,1,1]], bs: [[0,0,1,0],[0,1,0,0],[1,0,0,0],[1,0,0,1]]},
{as: [[0,0,0,1],[0,1,1,0],[1,0,1,1],[1,1,0,1],[1,1,1,1]], bs: [[0,0,1,0],[0,1,0,0],[1,0,0,0],[1,0,1,0]]},
{as: [[0,0,0,1],[0,1,1,0],[1,0,1,1],[1,1,0,1],[1,1,1,1]], bs: [[0,0,1,0],[0,1,0,0],[1,0,0,0],[1,1,1,0]]},
{as: [[0,0,0,1],[0,1,1,0],[1,0,1,1],[1,1,0,1],[1,1,1,1]], bs: [[0,0,1,0],[0,1,0,0],[1,0,0,1],[1,0,1,0]]},
{as: [[0,0,0,1],[0,1,1,0],[1,0,1,1],[1,1,0,1],[1,1,1,1]], bs: [[0,0,1,0],[0,1,0,0],[1,0,0,1],[1,1,1,0]]},
{as: [[0,0,0,1],[0,1,1,0],[1,0,1,1],[1,1,0,1],[1,1,1,1]], bs: [[0,0,1,0],[0,1,0,0],[1,0,1,0],[1,1,0,0]]},
{as: [[0,0,0,1],[0,1,1,0],[1,0,1,1],[1,1,1,0],[1,1,1,1]], bs: [[0,0,0,0],[0,0,1,0],[0,0,1,1],[1,0,0,0]]},
{as: [[0,0,0,1],[0,1,1,0],[1,0,1,1],[1,1,1,0],[1,1,1,1]], bs: [[0,0,0,0],[0,0,1,0],[0,1,0,0],[1,0,0,0]]},
{as: [[0,0,0,1],[0,1,1,0],[1,0,1,1],[1,1,1,0],[1,1,1,1]], bs: [[0,0,0,0],[0,0,1,0],[0,1,0,0],[1,0,0,1]]},
{as: [[0,0,0,1],[0,1,1,0],[1,0,1,1],[1,1,1,0],[1,1,1,1]], bs: [[0,0,0,0],[0,0,1,0],[0,1,0,0],[1,0,1,0]]},
{as: [[0,0,0,1],[0,1,1,0],[1,0,1,1],[1,1,1,0],[1,1,1,1]], bs: [[0,0,0,0],[0,0,1,0],[0,1,0,0],[1,1,0,0]]},
{as: [[0,0,0,1],[0,1,1,0],[1,0,1,1],[1,1,1,0],[1,1,1,1]], bs: [[0,0,0,0],[0,0,1,0],[1,0,0,0],[1,0,0,1]]},
{as: [[0,0,0,1],[0,1,1,0],[1,0,1,1],[1,1,1,0],[1,1,1,1]], bs: [[0,0,0,0],[0,0,1,0],[1,0,0,0],[1,0,1,0]]},
{as: [[0,0,0,1],[0,1,1,0],[1,0,1,1],[1,1,1,0],[1,1,1,1]], bs: [[0,0,0,0],[0,0,1,0],[1,0,0,0],[1,1,0,0]]},
{as: [[0,0,0,1],[0,1,1,0],[1,0,1,1],[1,1,1,0],[1,1,1,1]], bs: [[0,0,0,0],[0,0,1,0],[1,0,0,1],[1,0,1,0]]},
{as: [[0,0,0,1],[0,1,1,0],[1,0,1,1],[1,1,1,0],[1,1,1,1]], bs: [[0,0,0,0],[0,0,1,0],[1,0,0,1],[1,1,0,0]]},
{as: [[0,0,0,1],[0,1,1,0],[1,0,1,1],[1,1,1,0],[1,1,1,1]], bs: [[0,0,0,0],[0,0,1,0],[1,0,1,0],[1,1,0,0]]},
{as: [[0,0,0,1],[0,1,1,0],[1,0,1,1],[1,1,1,0],[1,1,1,1]], bs: [[0,0,0,0],[0,0,1,1],[1,0,0,0],[1,0,1,0]]},
{as: [[0,0,0,1],[0,1,1,0],[1,0,1,1],[1,1,1,0],[1,1,1,1]], bs: [[0,0,0,0],[0,1,0,0],[0,1,0,1],[1,0,0,0]]},
{as: [[0,0,0,1],[0,1,1,0],[1,0,1,1],[1,1,1,0],[1,1,1,1]], bs: [[0,0,0,0],[0,1,0,0],[0,1,0,1],[1,0,0,1]]},
{as: [[0,0,0,1],[0,1,1,0],[1,0,1,1],[1,1,1,0],[1,1,1,1]], bs: [[0,0,0,0],[0,1,0,0],[1,0,0,0],[1,0,0,1]]},
{as: [[0,0,0,1],[0,1,1,0],[1,0,1,1],[1,1,1,0],[1,1,1,1]], bs: [[0,0,0,0],[0,1,0,0],[1,0,0,0],[1,0,1,0]]},
{as: [[0,0,0,1],[0,1,1,0],[1,0,1,1],[1,1,1,0],[1,1,1,1]], bs: [[0,0,0,0],[0,1,0,0],[1,0,0,0],[1,1,0,0]]},
{as: [[0,0,0,1],[0,1,1,0],[1,0,1,1],[1,1,1,0],[1,1,1,1]], bs: [[0,0,0,0],[0,1,0,0],[1,0,0,0],[1,1,0,1]]},
{as: [[0,0,0,1],[0,1,1,0],[1,0,1,1],[1,1,1,0],[1,1,1,1]], bs: [[0,0,0,0],[0,1,0,0],[1,0,0,1],[1,0,1,0]]},
{as: [[0,0,0,1],[0,1,1,0],[1,0,1,1],[1,1,1,0],[1,1,1,1]], bs: [[0,0,0,0],[0,1,0,0],[1,0,0,1],[1,1,0,0]]},
{as: [[0,0,0,1],[0,1,1,0],[1,0,1,1],[1,1,1,0],[1,1,1,1]], bs: [[0,0,0,0],[0,1,0,0],[1,0,0,1],[1,1,0,1]]},
{as: [[0,0,0,1],[0,1,1,0],[1,0,1,1],[1,1,1,0],[1,1,1,1]], bs: [[0,0,0,0],[0,1,0,0],[1,0,1,0],[1,1,0,0]]},
{as: [[0,0,0,1],[0,1,1,0],[1,0,1,1],[1,1,1,0],[1,1,1,1]], bs: [[0,0,0,0],[0,1,0,0],[1,0,1,0],[1,1,0,1]]},
{as: [[0,0,0,1],[0,1,1,0],[1,0,1,1],[1,1,1,0],[1,1,1,1]], bs: [[0,0,0,0],[0,1,0,1],[1,0,0,0],[1,0,0,1]]},
{as: [[0,0,0,1],[0,1,1,0],[1,0,1,1],[1,1,1,0],[1,1,1,1]], bs: [[0,0,0,0],[0,1,0,1],[1,0,0,0],[1,1,0,0]]},
{as: [[0,0,0,1],[0,1,1,0],[1,0,1,1],[1,1,1,0],[1,1,1,1]], bs: [[0,0,0,0],[0,1,0,1],[1,0,0,0],[1,1,0,1]]},
{as: [[0,0,0,1],[0,1,1,0],[1,0,1,1],[1,1,1,0],[1,1,1,1]], bs: [[0,0,0,0],[0,1,0,1],[1,0,0,1],[1,1,0,0]]},
{as: [[0,0,0,1],[0,1,1,0],[1,0,1,1],[1,1,1,0],[1,1,1,1]], bs: [[0,0,1,0],[0,1,0,0],[1,0,0,0],[1,0,0,1]]},
{as: [[0,0,0,1],[0,1,1,0],[1,0,1,1],[1,1,1,0],[1,1,1,1]], bs: [[0,0,1,0],[0,1,0,0],[1,0,0,0],[1,0,1,0]]},
{as: [[0,0,0,1],[0,1,1,0],[1,0,1,1],[1,1,1,0],[1,1,1,1]], bs: [[0,0,1,0],[0,1,0,0],[1,0,0,0],[1,1,0,0]]},
{as: [[0,0,0,1],[0,1,1,0],[1,0,1,1],[1,1,1,0],[1,1,1,1]], bs: [[0,0,1,0],[0,1,0,0],[1,0,0,1],[1,0,1,0]]},
{as: [[0,0,0,1],[0,1,1,0],[1,0,1,1],[1,1,1,0],[1,1,1,1]], bs: [[0,0,1,0],[0,1,0,0],[1,0,0,1],[1,1,0,0]]},
{as: [[0,0,0,1],[0,1,1,0],[1,0,1,1],[1,1,1,0],[1,1,1,1]], bs: [[0,0,1,0],[0,1,0,0],[1,0,1,0],[1,1,0,0]]},
{as: [[0,0,0,1],[0,1,1,0],[1,0,1,1],[1,1,1,0],[1,1,1,1]], bs: [[0,1,0,0],[0,1,0,1],[1,0,0,0],[1,0,0,1]]},
{as: [[0,0,0,1],[0,1,1,1],[1,0,1,1],[1,1,0,1],[1,1,1,0]], bs: [[0,0,0,0],[0,0,1,0],[0,0,1,1],[0,1,0,0]]},
{as: [[0,0,0,1],[0,1,1,1],[1,0,1,1],[1,1,0,1],[1,1,1,0]], bs: [[0,0,0,0],[0,0,1,0],[0,1,0,0],[0,1,1,0]]},
{as: [[0,0,0,1],[0,1,1,1],[1,0,1,1],[1,1,0,1],[1,1,1,0]], bs: [[0,0,0,0],[0,0,1,0],[0,1,0,0],[1,0,0,0]]},
{as: [[0,0,0,1],[0,1,1,1],[1,0,1,1],[1,1,0,1],[1,1,1,0]], bs: [[0,0,0,0],[0,0,1,0],[0,1,0,0],[1,0,0,1]]},
{as: [[0,0,0,1],[0,1,1,1],[1,0,1,1],[1,1,0,1],[1,1,1,0]], bs: [[0,0,0,0],[0,0,1,0],[0,1,0,0],[1,0,1,0]]},
{as: [[0,0,0,1],[0,1,1,1],[1,0,1,1],[1,1,0,1],[1,1,1,0]], bs: [[0,0,0,0],[0,0,1,0],[0,1,0,1],[0,1,1,0]]},
{as: [[0,0,0,1],[0,1,1,1],[1,0,1,1],[1,1,0,1],[1,1,1,0]], bs: [[0,0,0,0],[0,0,1,0],[0,1,0,1],[1,1,0,0]]},
{as: [[0,0,0,1],[0,1,1,1],[1,0,1,1],[1,1,0,1],[1,1,1,0]], bs: [[0,0,0,0],[0,0,1,0],[0,1,1,0],[1,1,0,0]]},
{as: [[0,0,0,1],[0,1,1,1],[1,0,1,1],[1,1,0,1],[1,1,1,0]], bs: [[0,0,0,0],[0,1,1,0],[1,0,1,0],[1,1,0,0]]},
{as: [[0,0,0,1],[0,1,1,1],[1,0,1,1],[1,1,0,1],[1,1,1,0]], bs: [[0,0,1,0],[0,0,1,1],[0,1,0,0],[1,0,0,0]]},
{as: [[0,0,0,1],[0,1,1,1],[1,0,1,1],[1,1,0,1],[1,1,1,0]], bs: [[0,0,1,0],[0,1,0,0],[0,1,1,0],[1,0,0,0]]},
{as: [[0,0,0,1],[0,1,1,1],[1,0,1,1],[1,1,0,1],[1,1,1,0]], bs: [[0,0,1,0],[0,1,0,0],[1,0,0,1],[1,0,1,0]]},
{as: [[0,0,0,1],[0,1,1,1],[1,0,1,1],[1,1,0,1],[1,1,1,0]], bs: [[0,0,1,0],[0,1,0,0],[1,0,1,0],[1,1,0,0]]},
{as: [[0,0,0,1],[0,1,1,1],[1,0,1,1],[1,1,0,1],[1,1,1,1]], bs: [[0,0,0,0],[0,0,1,0],[0,0,1,1],[0,1,0,0]]},
{as: [[0,0,0,1],[0,1,1,1],[1,0,1,1],[1,1,0,1],[1,1,1,1]], bs: [[0,0,0,0],[0,0,1,0],[0,0,1,1],[1,1,0,0]]},
{as: [[0,0,0,1],[0,1,1,1],[1,0,1,1],[1,1,0,1],[1,1,1,1]], bs: [[0,0,0,0],[0,0,1,0],[0,1,0,0],[0,1,1,0]]},
{as: [[0,0,0,1],[0,1,1,1],[1,0,1,1],[1,1,0,1],[1,1,1,1]], bs: [[0,0,0,0],[0,0,1,0],[0,1,0,0],[1,0,0,0]]},
{as: [[0,0,0,1],[0,1,1,1],[1,0,1,1],[1,1,0,1],[1,1,1,1]], bs: [[0,0,0,0],[0,0,1,0],[0,1,0,0],[1,0,0,1]]},
{as: [[0,0,0,1],[0,1,1,1],[1,0,1,1],[1,1,0,1],[1,1,1,1]], bs: [[0,0,0,0],[0,0,1,0],[0,1,0,0],[1,0,1,0]]},
{as: [[0,0,0,1],[0,1,1,1],[1,0,1,1],[1,1,0,1],[1,1,1,1]], bs: [[0,0,0,0],[0,0,1,0],[0,1,0,0],[1,1,1,0]]},
{as: [[0,0,0,1],[0,1,1,1],[1,0,1,1],[1,1,0,1],[1,1,1,1]], bs: [[0,0,0,0],[0,0,1,0],[0,1,0,1],[0,1,1,0]]},
{as: [[0,0,0,1],[0,1,1,1],[1,0,1,1],[1,1,0,1],[1,1,1,1]], bs: [[0,0,0,0],[0,0,1,0],[0,1,0,1],[1,0,1,0]]},
{as: [[0,0,0,1],[0,1,1,1],[1,0,1,1],[1,1,0,1],[1,1,1,1]], bs: [[0,0,0,0],[0,0,1,0],[0,1,0,1],[1,1,0,0]]},
{as: [[0,0,0,1],[0,1,1,1],[1,0,1,1],[1,1,0,1],[1,1,1,1]], bs: [[0,0,0,0],[0,0,1,0],[0,1,0,1],[1,1,1,0]]},
{as: [[0,0,0,1],[0,1,1,1],[1,0,1,1],[1,1,0,1],[1,1,1,1]], bs: [[0,0,0,0],[0,0,1,0],[0,1,1,0],[1,1,0,0]]},
{as: [[0,0,0,1],[0,1,1,1],[1,0,1,1],[1,1,0,1],[1,1,1,1]], bs: [[0,0,0,0],[0,0,1,0],[1,1,0,0],[1,1,1,0]]},
{as: [[0,0,0,1],[0,1,1,1],[1,0,1,1],[1,1,0,1],[1,1,1,1]], bs: [[0,0,0,0],[0,0,1,1],[0,1,1,0],[1,1,0,0]]},
{as: [[0,0,0,1],[0,1,1,1],[1,0,1,1],[1,1,0,1],[1,1,1,1]], bs: [[0,0,0,0],[0,0,1,1],[1,1,0,0],[1,1,1,0]]},
{as: [[0,0,0,1],[0,1,1,1],[1,0,1,1],[1,1,0,1],[1,1,1,1]], bs: [[0,0,0,0],[0,1,1,0],[1,0,1,0],[1,1,0,0]]},
{as: [[0,0,0,1],[0,1,1,1],[1,0,1,1],[1,1,0,1],[1,1,1,1]], bs: [[0,0,1,0],[0,0,1,1],[0,1,0,0],[1,0,0,0]]},
{as: [[0,0,0,1],[0,1,1,1],[1,0,1,1],[1,1,0,1],[1,1,1,1]], bs: [[0,0,1,0],[0,0,1,1],[0,1,0,0],[1,1,0,0]]},
{as: [[0,0,0,1],[0,1,1,1],[1,0,1,1],[1,1,0,1],[1,1,1,1]], bs: [[0,0,1,0],[0,1,0,0],[0,1,1,0],[1,0,0,0]]},
{as: [[0,0,0,1],[0,1,1,1],[1,0,1,1],[1,1,0,1],[1,1,1,1]], bs: [[0,0,1,0],[0,1,0,0],[0,1,1,0],[1,0,0,1]]},
{as: [[0,0,0,1],[0,1,1,1],[1,0,1,1],[1,1,0,1],[1,1,1,1]], bs: [[0,0,1,0],[0,1,0,0],[1,0,0,0],[1,1,1,0]]},
{as: [[0,0,0,1],[0,1,1,1],[1,0,1,1],[1,1,0,1],[1,1,1,1]], bs: [[0,0,1,0],[0,1,0,0],[1,0,0,1],[1,0,1,0]]},
{as: [[0,0,0,1],[0,1,1,1],[1,0,1,1],[1,1,0,1],[1,1,1,1]], bs: [[0,0,1,0],[0,1,0,0],[1,0,0,1],[1,1,1,0]]},
{as: [[0,0,0,1],[0,1,1,1],[1,0,1,1],[1,1,0,1],[1,1,1,1]], bs: [[0,0,1,0],[0,1,0,0],[1,0,1,0],[1,1,0,0]]},
{as: [[0,0,0,1],[0,1,1,1],[1,0,1,1],[1,1,0,1],[1,1,1,1]], bs: [[0,0,1,0],[0,1,0,1],[1,0,1,0],[1,1,0,0]]},
{as: [[0,0,0,1],[0,1,1,1],[1,0,1,1],[1,1,1,0],[1,1,1,1]], bs: [[0,0,0,0],[0,0,1,0],[0,0,1,1],[0,1,0,0]]},
{as: [[0,0,0,1],[0,1,1,1],[1,0,1,1],[1,1,1,0],[1,1,1,1]], bs: [[0,0,0,0],[0,0,1,0],[0,1,0,0],[0,1,0,1]]},
{as: [[0,0,0,1],[0,1,1,1],[1,0,1,1],[1,1,1,0],[1,1,1,1]], bs: [[0,0,0,0],[0,0,1,0],[0,1,0,0],[0,1,1,0]]},
{as: [[0,0,0,1],[0,1,1,1],[1,0,1,1],[1,1,1,0],[1,1,1,1]], bs: [[0,0,0,0],[0,0,1,0],[0,1,0,0],[1,0,0,0]]},
{as: [[0,0,0,1],[0,1,1,1],[1,0,1,1],[1,1,1,0],[1,1,1,1]], bs: [[0,0,0,0],[0,0,1,0],[0,1,0,0],[1,0,0,1]]},
{as: [[0,0,0,1],[0,1,1,1],[1,0,1,1],[1,1,1,0],[1,1,1,1]], bs: [[0,0,0,0],[0,0,1,0],[0,1,0,0],[1,0,1,0]]},
{as: [[0,0,0,1],[0,1,1,1],[1,0,1,1],[1,1,1,0],[1,1,1,1]], bs: [[0,0,0,0],[0,0,1,0],[0,1,0,0],[1,1,0,0]]},
{as: [[0,0,0,1],[0,1,1,1],[1,0,1,1],[1,1,1,0],[1,1,1,1]], bs: [[0,0,0,0],[0,0,1,0],[0,1,0,1],[0,1,1,0]]},
{as: [[0,0,0,1],[0,1,1,1],[1,0,1,1],[1,1,1,0],[1,1,1,1]], bs: [[0,0,0,0],[0,0,1,0],[0,1,0,1],[1,1,0,0]]},
{as: [[0,0,0,1],[0,1,1,1],[1,0,1,1],[1,1,1,0],[1,1,1,1]], bs: [[0,0,0,0],[0,0,1,0],[0,1,1,0],[1,1,0,0]]},
{as: [[0,0,0,1],[0,1,1,1],[1,0,1,1],[1,1,1,0],[1,1,1,1]], bs: [[0,0,0,0],[0,0,1,1],[0,1,0,0],[0,1,1,0]]},
{as: [[0,0,0,1],[0,1,1,1],[1,0,1,1],[1,1,1,0],[1,1,1,1]], bs: [[0,0,0,0],[0,0,1,1],[0,1,0,0],[1,0,0,0]]},
{as: [[0,0,0,1],[0,1,1,1],[1,0,1,1],[1,1,1,0],[1,1,1,1]], bs: [[0,0,0,0],[0,0,1,1],[0,1,0,0],[1,0,1,0]]},
{as: [[0,0,0,1],[0,1,1,1],[1,0,1,1],[1,1,1,0],[1,1,1,1]], bs: [[0,0,0,0],[0,1,0,0],[0,1,0,1],[1,0,0,0]]},
{as: [[0,0,0,1],[0,1,1,1],[1,0,1,1],[1,1,1,0],[1,1,1,1]], bs: [[0,0,0,0],[0,1,0,0],[0,1,0,1],[1,0,0,1]]},
{as: [[0,0,0,1],[0,1,1,1],[1,0,1,1],[1,1,1,0],[1,1,1,1]], bs: [[0,0,0,0],[0,1,0,0],[0,1,1,0],[1,0,0,0]]},
{as: [[0,0,0,1],[0,1,1,1],[1,0,1,1],[1,1,1,0],[1,1,1,1]], bs: [[0,0,0,0],[0,1,0,0],[0,1,1,0],[1,0,1,0]]},
{as: [[0,0,0,1],[0,1,1,1],[1,0,1,1],[1,1,1,0],[1,1,1,1]], bs: [[0,0,0,0],[0,1,0,0],[1,0,0,0],[1,1,0,0]]},
{as: [[0,0,0,1],[0,1,1,1],[1,0,1,1],[1,1,1,0],[1,1,1,1]], bs: [[0,0,0,0],[0,1,0,0],[1,0,0,0],[1,1,0,1]]},
{as: [[0,0,0,1],[0,1,1,1],[1,0,1,1],[1,1,1,0],[1,1,1,1]], bs: [[0,0,0,0],[0,1,0,0],[1,0,0,1],[1,0,1,0]]},
{as: [[0,0,0,1],[0,1,1,1],[1,0,1,1],[1,1,1,0],[1,1,1,1]], bs: [[0,0,0,0],[0,1,0,0],[1,0,0,1],[1,1,0,0]]},
{as: [[0,0,0,1],[0,1,1,1],[1,0,1,1],[1,1,1,0],[1,1,1,1]], bs: [[0,0,0,0],[0,1,0,0],[1,0,0,1],[1,1,0,1]]},
{as: [[0,0,0,1],[0,1,1,1],[1,0,1,1],[1,1,1,0],[1,1,1,1]], bs: [[0,0,0,0],[0,1,0,0],[1,0,1,0],[1,1,0,0]]},
{as: [[0,0,0,1],[0,1,1,1],[1,0,1,1],[1,1,1,0],[1,1,1,1]], bs: [[0,0,0,0],[0,1,0,0],[1,0,1,0],[1,1,0,1]]},
{as: [[0,0,0,1],[0,1,1,1],[1,0,1,1],[1,1,1,0],[1,1,1,1]], bs: [[0,0,0,0],[0,1,0,1],[1,0,0,1],[1,1,0,0]]},
{as: [[0,0,0,1],[0,1,1,1],[1,0,1,1],[1,1,1,0],[1,1,1,1]], bs: [[0,0,0,0],[0,1,1,0],[1,0,1,0],[1,1,0,0]]},
{as: [[0,0,0,1],[0,1,1,1],[1,0,1,1],[1,1,1,0],[1,1,1,1]], bs: [[0,0,1,0],[0,0,1,1],[0,1,0,0],[1,0,0,0]]},
{as: [[0,0,0,1],[0,1,1,1],[1,0,1,1],[1,1,1,0],[1,1,1,1]], bs: [[0,0,1,0],[0,1,0,0],[0,1,0,1],[1,0,0,0]]},
{as: [[0,0,0,1],[0,1,1,1],[1,0,1,1],[1,1,1,0],[1,1,1,1]], bs: [[0,0,1,0],[0,1,0,0],[0,1,1,0],[1,0,0,0]]},
{as: [[0,0,0,1],[0,1,1,1],[1,0,1,1],[1,1,1,0],[1,1,1,1]], bs: [[0,0,1,0],[0,1,0,0],[1,0,0,0],[1,1,0,0]]},
{as: [[0,0,0,1],[0,1,1,1],[1,0,1,1],[1,1,1,0],[1,1,1,1]], bs: [[0,0,1,0],[0,1,0,0],[1,0,0,1],[1,0,1,0]]},
{as: [[0,0,0,1],[0,1,1,1],[1,0,1,1],[1,1,1,0],[1,1,1,1]], bs: [[0,0,1,0],[0,1,0,0],[1,0,0,1],[1,1,0,0]]},
{as: [[0,0,0,1],[0,1,1,1],[1,0,1,1],[1,1,1,0],[1,1,1,1]], bs: [[0,0,1,0],[0,1,0,0],[1,0,1,0],[1,1,0,0]]},
{as: [[0,0,0,1],[0,1,1,1],[1,0,1,1],[1,1,1,0],[1,1,1,1]], bs: [[0,0,1,1],[0,1,0,0],[0,1,1,0],[1,0,0,0]]},
{as: [[0,0,0,1],[0,1,1,1],[1,0,1,1],[1,1,1,0],[1,1,1,1]], bs: [[0,1,0,0],[0,1,0,1],[1,0,0,0],[1,0,0,1]]},
{as: [[0,0,0,1],[0,1,1,1],[1,0,1,1],[1,1,1,0],[1,1,1,1]], bs: [[0,1,0,0],[0,1,1,0],[1,0,0,0],[1,0,1,0]]},
{as: [[0,0,1,1],[0,1,0,1],[1,0,0,1],[1,1,1,0],[1,1,1,1]], bs: [[0,0,0,0],[0,0,0,1],[0,0,1,0],[0,1,0,0]]},
{as: [[0,0,1,1],[0,1,0,1],[1,0,0,1],[1,1,1,0],[1,1,1,1]], bs: [[0,0,0,0],[0,0,0,1],[0,0,1,0],[0,1,1,0]]},
{as: [[0,0,1,1],[0,1,0,1],[1,0,0,1],[1,1,1,0],[1,1,1,1]], bs: [[0,0,0,0],[0,0,0,1],[0,0,1,0],[1,1,0,0]]},
{as: [[0,0,1,1],[0,1,0,1],[1,0,0,1],[1,1,1,0],[1,1,1,1]], bs: [[0,0,0,0],[0,0,0,1],[0,1,1,0],[1,0,1,0]]},
{as: [[0,0,1,1],[0,1,0,1],[1,0,0,1],[1,1,1,0],[1,1,1,1]], bs: [[0,0,0,0],[0,0,1,0],[0,1,0,0],[0,1,1,0]]},
{as: [[0,0,1,1],[0,1,0,1],[1,0,0,1],[1,1,1,0],[1,1,1,1]], bs: [[0,0,0,0],[0,0,1,0],[0,1,0,0],[0,1,1,1]]},
{as: [[0,0,1,1],[0,1,0,1],[1,0,0,1],[1,1,1,0],[1,1,1,1]], bs: [[0,0,0,0],[0,0,1,0],[0,1,0,0],[1,0,0,0]]},
{as: [[0,0,1,1],[0,1,0,1],[1,0,0,1],[1,1,1,0],[1,1,1,1]], bs: [[0,0,0,0],[0,0,1,0],[0,1,0,0],[1,0,1,0]]},
{as: [[0,0,1,1],[0,1,0,1],[1,0,0,1],[1,1,1,0],[1,1,1,1]], bs: [[0,0,0,0],[0,0,1,0],[0,1,1,0],[1,1,0,0]]},
{as: [[0,0,1,1],[0,1,0,1],[1,0,0,1],[1,1,1,0],[1,1,1,1]], bs: [[0,0,0,0],[0,1,1,0],[1,0,1,0],[1,1,0,0]]},
{as: [[0,0,1,1],[0,1,0,1],[1,0,0,1],[1,1,1,0],[1,1,1,1]], bs: [[0,0,0,1],[0,0,1,0],[0,1,0,0],[0,1,1,0]]},
{as: [[0,0,1,1],[0,1,0,1],[1,0,0,1],[1,1,1,0],[1,1,1,1]], bs: [[0,0,0,1],[0,0,1,0],[0,1,0,0],[1,0,0,0]]},
{as: [[0,0,1,1],[0,1,0,1],[1,0,0,1],[1,1,1,0],[1,1,1,1]], bs: [[0,0,0,1],[0,0,1,0],[0,1,0,0],[1,0,1,0]]},
{as: [[0,0,1,1],[0,1,0,1],[1,0,0,1],[1,1,1,0],[1,1,1,1]], bs: [[0,0,0,1],[0,0,1,0],[0,1,1,0],[1,1,0,0]]},
{as: [[0,0,1,1],[0,1,0,1],[1,0,0,1],[1,1,1,0],[1,1,1,1]], bs: [[0,0,0,1],[0,1,1,0],[1,0,1,0],[1,1,0,0]]},
{as: [[0,0,1,1],[0,1,0,1],[1,0,0,1],[1,1,1,0],[1,1,1,1]], bs: [[0,0,1,0],[0,1,0,0],[0,1,1,0],[1,0,0,0]]},
{as: [[0,0,1,1],[0,1,0,1],[1,0,0,1],[1,1,1,0],[1,1,1,1]], bs: [[0,0,1,0],[0,1,0,0],[1,0,1,0],[1,1,0,0]]},
{as: [[0,0,1,1],[0,1,0,1],[1,0,1,0],[1,1,0,0],[1,1,1,1]], bs: [[0,0,0,0],[0,0,0,1],[0,0,1,0],[0,1,0,0]]},
{as: [[0,0,1,1],[0,1,0,1],[1,0,1,0],[1,1,0,0],[1,1,1,1]], bs: [[0,0,0,0],[0,0,0,1],[0,0,1,0],[0,1,1,0]]},
{as: [[0,0,1,1],[0,1,0,1],[1,0,1,0],[1,1,0,0],[1,1,1,1]], bs: [[0,0,0,0],[0,0,0,1],[0,1,1,0],[1,0,0,0]]},
{as: [[0,0,1,1],[0,1,0,1],[1,0,1,0],[1,1,0,0],[1,1,1,1]], bs: [[0,0,0,0],[0,0,0,1],[1,0,0,0],[1,0,0,1]]},
{as: [[0,0,1,1],[0,1,0,1],[1,0,1,0],[1,1,0,0],[1,1,1,1]], bs: [[0,0,0,0],[0,0,0,1],[1,0,0,0],[1,0,1,1]]},
{as: [[0,0,1,1],[0,1,0,1],[1,0,1,0],[1,1,0,0],[1,1,1,1]], bs: [[0,0,0,1],[0,0,1,0],[0,1,0,0],[0,1,1,0]]},
{as: [[0,0,1,1],[0,1,0,1],[1,0,1,0],[1,1,0,0],[1,1,1,1]], bs: [[0,0,0,1],[0,0,1,0],[0,1,0,0],[1,0,0,0]]},
{as: [[0,0,1,1],[0,1,0,1],[1,0,1,0],[1,1,0,0],[1,1,1,1]], bs: [[0,0,0,1],[0,0,1,0],[0,1,0,0],[1,0,0,1]]},
{as: [[0,0,1,1],[0,1,0,1],[1,0,1,0],[1,1,0,1],[1,1,1,0]], bs: [[0,0,0,0],[0,0,0,1],[0,0,1,0],[0,1,0,0]]},
{as: [[0,0,1,1],[0,1,0,1],[1,0,1,0],[1,1,0,1],[1,1,1,0]], bs: [[0,0,0,0],[0,0,0,1],[0,0,1,0],[0,1,1,0]]},
{as: [[0,0,1,1],[0,1,0,1],[1,0,1,0],[1,1,0,1],[1,1,1,0]], bs: [[0,0,0,0],[0,0,0,1],[0,0,1,0],[1,1,0,0]]},
{as: [[0,0,1,1],[0,1,0,1],[1,0,1,0],[1,1,0,1],[1,1,1,0]], bs: [[0,0,0,0],[0,0,0,1],[0,1,0,0],[0,1,1,0]]},
{as: [[0,0,1,1],[0,1,0,1],[1,0,1,0],[1,1,0,1],[1,1,1,0]], bs: [[0,0,0,0],[0,0,0,1],[0,1,0,0],[1,0,0,0]]},
{as: [[0,0,1,1],[0,1,0,1],[1,0,1,0],[1,1,0,1],[1,1,1,0]], bs: [[0,0,0,0],[0,0,0,1],[0,1,0,0],[1,0,0,1]]},
{as: [[0,0,1,1],[0,1,0,1],[1,0,1,0],[1,1,0,1],[1,1,1,0]], bs: [[0,0,0,0],[0,0,0,1],[0,1,0,0],[1,1,0,0]]},
{as: [[0,0,1,1],[0,1,0,1],[1,0,1,0],[1,1,0,1],[1,1,1,0]], bs: [[0,0,0,0],[0,0,0,1],[0,1,1,0],[1,0,0,0]]},
{as: [[0,0,1,1],[0,1,0,1],[1,0,1,0],[1,1,0,1],[1,1,1,0]], bs: [[0,0,0,0],[0,0,0,1],[0,1,1,0],[1,1,0,0]]},
{as: [[0,0,1,1],[0,1,0,1],[1,0,1,0],[1,1,0,1],[1,1,1,0]], bs: [[0,0,0,0],[0,0,0,1],[1,0,0,0],[1,0,0,1]]},
{as: [[0,0,1,1],[0,1,0,1],[1,0,1,0],[1,1,0,1],[1,1,1,0]], bs: [[0,0,0,0],[0,0,0,1],[1,0,0,0],[1,0,1,1]]},
{as: [[0,0,1,1],[0,1,0,1],[1,0,1,0],[1,1,0,1],[1,1,1,0]], bs: [[0,0,0,0],[0,0,0,1],[1,0,0,0],[1,1,0,0]]},
{as: [[0,0,1,1],[0,1,0,1],[1,0,1,0],[1,1,0,1],[1,1,1,0]], bs: [[0,0,0,0],[0,0,0,1],[1,0,0,1],[1,1,0,0]]},
{as: [[0,0,1,1],[0,1,0,1],[1,0,1,0],[1,1,0,1],[1,1,1,0]], bs: [[0,0,0,0],[0,1,0,0],[0,1,1,0],[1,0,0,0]]},
{as: [[0,0,1,1],[0,1,0,1],[1,0,1,0],[1,1,0,1],[1,1,1,0]], bs: [[0,0,0,0],[0,1,0,0],[1,0,0,0],[1,1,0,0]]},
{as: [[0,0,1,1],[0,1,0,1],[1,0,1,0],[1,1,0,1],[1,1,1,0]], bs: [[0,0,0,0],[0,1,0,0],[1,0,0,1],[1,1,0,0]]},
{as: [[0,0,1,1],[0,1,0,1],[1,0,1,0],[1,1,0,1],[1,1,1,0]], bs: [[0,0,0,1],[0,0,1,0],[0,1,0,0],[0,1,1,0]]},
{as: [[0,0,1,1],[0,1,0,1],[1,0,1,0],[1,1,0,1],[1,1,1,0]], bs: [[0,0,0,1],[0,0,1,0],[0,1,0,0],[1,0,0,0]]},
{as: [[0,0,1,1],[0,1,0,1],[1,0,1,0],[1,1,0,1],[1,1,1,0]], bs: [[0,0,0,1],[0,0,1,0],[0,1,0,0],[1,0,0,1]]},
{as: [[0,0,1,1],[0,1,0,1],[1,0,1,0],[1,1,0,1],[1,1,1,0]], bs: [[0,0,0,1],[0,0,1,0],[0,1,0,0],[1,1,0,0]]},
{as: [[0,0,1,1],[0,1,0,1],[1,0,1,0],[1,1,0,1],[1,1,1,0]], bs: [[0,0,0,1],[0,0,1,0],[0,1,1,0],[1,1,0,0]]},
{as: [[0,0,1,1],[0,1,0,1],[1,0,1,0],[1,1,0,1],[1,1,1,0]], bs: [[0,0,0,1],[0,1,0,0],[0,1,1,0],[1,0,0,0]]},
{as: [[0,0,1,1],[0,1,0,1],[1,0,1,0],[1,1,0,1],[1,1,1,0]], bs: [[0,0,0,1],[0,1,0,0],[1,0,0,0],[1,0,0,1]]},
{as: [[0,0,1,1],[0,1,0,1],[1,0,1,0],[1,1,0,1],[1,1,1,0]], bs: [[0,0,0,1],[0,1,0,0],[1,0,0,0],[1,1,0,0]]},
{as: [[0,0,1,1],[0,1,0,1],[1,0,1,0],[1,1,0,1],[1,1,1,0]], bs: [[0,0,0,1],[0,1,0,0],[1,0,0,1],[1,1,0,0]]},
{as: [[0,0,1,1],[0,1,0,1],[1,0,1,0],[1,1,0,1],[1,1,1,0]], bs: [[0,0,0,1],[0,1,1,0],[1,0,0,0],[1,1,0,0]]},
{as: [[0,0,1,1],[0,1,0,1],[1,0,1,0],[1,1,0,1],[1,1,1,1]], bs: [[0,0,0,0],[0,0,0,1],[0,0,1,0],[0,1,0,0]]},
{as: [[0,0,1,1],[0,1,0,1],[1,0,1,0],[1,1,0,1],[1,1,1,1]], bs: [[0,0,0,0],[0,0,0,1],[0,0,1,0],[0,1,1,0]]},
{as: [[0,0,1,1],[0,1,0,1],[1,0,1,0],[1,1,0,1],[1,1,1,1]], bs: [[0,0,0,0],[0,0,0,1],[0,0,1,0],[1,0,0,0]]},
{as: [[0,0,1,1],[0,1,0,1],[1,0,1,0],[1,1,0,1],[1,1,1,1]], bs: [[0,0,0,0],[0,0,0,1],[0,0,1,0],[1,0,0,1]]},
{as: [[0,0,1,1],[0,1,0,1],[1,0,1,0],[1,1,0,1],[1,1,1,1]], bs: [[0,0,0,0],[0,0,0,1],[0,0,1,0],[1,1,0,0]]},
{as: [[0,0,1,1],[0,1,0,1],[1,0,1,0],[1,1,0,1],[1,1,1,1]], bs: [[0,0,0,0],[0,0,0,1],[0,1,0,0],[0,1,1,0]]},
{as: [[0,0,1,1],[0,1,0,1],[1,0,1,0],[1,1,0,1],[1,1,1,1]], bs: [[0,0,0,0],[0,0,0,1],[0,1,0,0],[1,0,0,0]]},
{as: [[0,0,1,1],[0,1,0,1],[1,0,1,0],[1,1,0,1],[1,1,1,1]], bs: [[0,0,0,0],[0,0,0,1],[0,1,0,0],[1,0,0,1]]},
{as: [[0,0,1,1],[0,1,0,1],[1,0,1,0],[1,1,0,1],[1,1,1,1]], bs: [[0,0,0,0],[0,0,0,1],[0,1,0,0],[1,1,0,0]]},
{as: [[0,0,1,1],[0,1,0,1],[1,0,1,0],[1,1,0,1],[1,1,1,1]], bs: [[0,0,0,0],[0,0,0,1],[0,1,1,0],[1,0,0,0]]},
{as: [[0,0,1,1],[0,1,0,1],[1,0,1,0],[1,1,0,1],[1,1,1,1]], bs: [[0,0,0,0],[0,0,0,1],[0,1,1,0],[1,1,0,0]]},
{as: [[0,0,1,1],[0,1,0,1],[1,0,1,0],[1,1,0,1],[1,1,1,1]], bs: [[0,0,0,0],[0,0,0,1],[1,0,0,0],[1,0,0,1]]},
{as: [[0,0,1,1],[0,1,0,1],[1,0,1,0],[1,1,0,1],[1,1,1,1]], bs: [[0,0,0,0],[0,0,0,1],[1,0,0,0],[1,0,1,1]]},
{as: [[0,0,1,1],[0,1,0,1],[1,0,1,0],[1,1,0,1],[1,1,1,1]], bs: [[0,0,0,0],[0,0,0,1],[1,0,0,0],[1,1,0,0]]},
{as: [[0,0,1,1],[0,1,0,1],[1,0,1,0],[1,1,0,1],[1,1,1,1]], bs: [[0,0,0,0],[0,0,0,1],[1,0,0,1],[1,1,0,0]]},
{as: [[0,0,1,1],[0,1,0,1],[1,0,1,0],[1,1,0,1],[1,1,1,1]], bs: [[0,0,0,0],[0,0,1,0],[0,1,0,0],[0,1,1,0]]},
{as: [[0,0,1,1],[0,1,0,1],[1,0,1,0],[1,1,0,1],[1,1,1,1]], bs: [[0,0,0,0],[0,0,1,0],[0,1,0,0],[0,1,1,1]]},
{as: [[0,0,1,1],[0,1,0,1],[1,0,1,0],[1,1,0,1],[1,1,1,1]], bs: [[0,0,0,0],[0,0,1,0],[0,1,0,0],[1,0,0,0]]},
{as: [[0,0,1,1],[0,1,0,1],[1,0,1,0],[1,1,0,1],[1,1,1,1]], bs: [[0,0,0,0],[0,0,1,0],[0,1,0,0],[1,0,0,1]]},
{as: [[0,0,1,1],[0,1,0,1],[1,0,1,0],[1,1,0,1],[1,1,1,1]], bs: [[0,0,0,0],[0,0,1,0],[0,1,0,0],[1,1,0,0]]},
{as: [[0,0,1,1],[0,1,0,1],[1,0,1,0],[1,1,0,1],[1,1,1,1]], bs: [[0,0,0,0],[0,0,1,0],[0,1,0,0],[1,1,1,0]]},
{as: [[0,0,1,1],[0,1,0,1],[1,0,1,0],[1,1,0,1],[1,1,1,1]], bs: [[0,0,0,0],[0,0,1,0],[0,1,1,0],[1,0,0,0]]},
{as: [[0,0,1,1],[0,1,0,1],[1,0,1,0],[1,1,0,1],[1,1,1,1]], bs: [[0,0,0,0],[0,0,1,0],[0,1,1,0],[1,1,0,0]]},
{as: [[0,0,1,1],[0,1,0,1],[1,0,1,0],[1,1,0,1],[1,1,1,1]], bs: [[0,0,0,0],[0,0,1,0],[0,1,1,1],[1,1,0,0]]},
{as: [[0,0,1,1],[0,1,0,1],[1,0,1,0],[1,1,0,1],[1,1,1,1]], bs: [[0,0,0,0],[0,0,1,0],[1,0,0,0],[1,0,0,1]]},
{as: [[0,0,1,1],[0,1,0,1],[1,0,1,0],[1,1,0,1],[1,1,1,1]], bs: [[0,0,0,0],[0,0,1,0],[1,0,0,0],[1,1,0,0]]},
{as: [[0,0,1,1],[0,1,0,1],[1,0,1,0],[1,1,0,1],[1,1,1,1]], bs: [[0,0,0,0],[0,0,1,0],[1,0,0,0],[1,1,1,0]]},
{as: [[0,0,1,1],[0,1,0,1],[1,0,1,0],[1,1,0,1],[1,1,1,1]], bs: [[0,0,0,0],[0,0,1,0],[1,0,0,1],[1,1,0,0]]},
{as: [[0,0,1,1],[0,1,0,1],[1,0,1,0],[1,1,0,1],[1,1,1,1]], bs: [[0,0,0,0],[0,0,1,0],[1,1,0,0],[1,1,1,0]]},
{as: [[0,0,1,1],[0,1,0,1],[1,0,1,0],[1,1,0,1],[1,1,1,1]], bs: [[0,0,0,0],[0,1,0,0],[0,1,1,0],[1,0,0,0]]},
{as: [[0,0,1,1],[0,1,0,1],[1,0,1,0],[1,1,0,1],[1,1,1,1]], bs: [[0,0,0,0],[0,1,0,0],[1,0,0,0],[1,0,0,1]]},
{as: [[0,0,1,1],[0,1,0,1],[1,0,1,0],[1,1,0,1],[1,1,1,1]], bs: [[0,0,0,0],[0,1,0,0],[1,0,0,0],[1,1,0,0]]},
{as: [[0,0,1,1],[0,1,0,1],[1,0,1,0],[1,1,0,1],[1,1,1,1]], bs: [[0,0,0,0],[0,1,0,0],[1,0,0,0],[1,1,1,0]]},
{as: [[0,0,1,1],[0,1,0,1],[1,0,1,0],[1,1,0,1],[1,1,1,1]], bs: [[0,0,0,0],[0,1,0,0],[1,0,0,1],[1,1,0,0]]},
{as: [[0,0,1,1],[0,1,0,1],[1,0,1,0],[1,1,0,1],[1,1,1,1]], bs: [[0,0,0,0],[0,1,1,0],[1,0,0,0],[1,1,0,0]]},
{as: [[0,0,1,1],[0,1,0,1],[1,0,1,0],[1,1,0,1],[1,1,1,1]], bs: [[0,0,0,0],[0,1,1,0],[1,0,0,0],[1,1,1,0]]},
{as: [[0,0,1,1],[0,1,0,1],[1,0,1,0],[1,1,0,1],[1,1,1,1]], bs: [[0,0,0,1],[0,0,1,0],[0,1,0,0],[0,1,1,0]]},
{as: [[0,0,1,1],[0,1,0,1],[1,0,1,0],[1,1,0,1],[1,1,1,1]], bs: [[0,0,0,1],[0,0,1,0],[0,1,0,0],[1,0,0,0]]},
{as: [[0,0,1,1],[0,1,0,1],[1,0,1,0],[1,1,0,1],[1,1,1,1]], bs: [[0,0,0,1],[0,0,1,0],[0,1,0,0],[1,0,0,1]]},
{as: [[0,0,1,1],[0,1,0,1],[1,0,1,0],[1,1,0,1],[1,1,1,1]], bs: [[0,0,0,1],[0,0,1,0],[0,1,0,0],[1,1,0,0]]},
{as: [[0,0,1,1],[0,1,0,1],[1,0,1,0],[1,1,0,1],[1,1,1,1]], bs: [[0,0,0,1],[0,0,1,0],[0,1,1,0],[1,0,0,0]]},
{as: [[0,0,1,1],[0,1,0,1],[1,0,1,0],[1,1,0,1],[1,1,1,1]], bs: [[0,0,0,1],[0,0,1,0],[0,1,1,0],[1,1,0,0]]},
{as: [[0,0,1,1],[0,1,0,1],[1,0,1,0],[1,1,0,1],[1,1,1,1]], bs: [[0,0,0,1],[0,0,1,0],[1,0,0,0],[1,0,0,1]]},
{as: [[0,0,1,1],[0,1,0,1],[1,0,1,0],[1,1,0,1],[1,1,1,1]], bs: [[0,0,0,1],[0,0,1,0],[1,0,0,0],[1,1,0,0]]},
{as: [[0,0,1,1],[0,1,0,1],[1,0,1,0],[1,1,0,1],[1,1,1,1]], bs: [[0,0,0,1],[0,0,1,0],[1,0,0,1],[1,1,0,0]]},
{as: [[0,0,1,1],[0,1,0,1],[1,0,1,0],[1,1,0,1],[1,1,1,1]], bs: [[0,0,0,1],[0,1,0,0],[0,1,1,0],[1,0,0,0]]},
{as: [[0,0,1,1],[0,1,0,1],[1,0,1,0],[1,1,0,1],[1,1,1,1]], bs: [[0,0,0,1],[0,1,0,0],[1,0,0,0],[1,0,0,1]]},
{as: [[0,0,1,1],[0,1,0,1],[1,0,1,0],[1,1,0,1],[1,1,1,1]], bs: [[0,0,0,1],[0,1,0,0],[1,0,0,0],[1,1,0,0]]},
{as: [[0,0,1,1],[0,1,0,1],[1,0,1,0],[1,1,0,1],[1,1,1,1]], bs: [[0,0,0,1],[0,1,0,0],[1,0,0,1],[1,1,0,0]]},
{as: [[0,0,1,1],[0,1,0,1],[1,0,1,0],[1,1,0,1],[1,1,1,1]], bs: [[0,0,0,1],[0,1,1,0],[1,0,0,0],[1,1,0,0]]},
{as: [[0,0,1,1],[0,1,0,1],[1,0,1,0],[1,1,0,1],[1,1,1,1]], bs: [[0,0,1,0],[0,1,0,0],[0,1,1,0],[1,0,0,0]]},
{as: [[0,0,1,1],[0,1,0,1],[1,0,1,0],[1,1,0,1],[1,1,1,1]], bs: [[0,0,1,0],[0,1,0,0],[1,0,0,0],[1,0,0,1]]},
{as: [[0,0,1,1],[0,1,0,1],[1,0,1,0],[1,1,0,1],[1,1,1,1]], bs: [[0,0,1,0],[0,1,0,0],[1,0,0,0],[1,1,0,0]]},
{as: [[0,0,1,1],[0,1,0,1],[1,0,1,0],[1,1,0,1],[1,1,1,1]], bs: [[0,0,1,0],[0,1,0,0],[1,0,0,0],[1,1,1,0]]},
{as: [[0,0,1,1],[0,1,0,1],[1,0,1,0],[1,1,0,1],[1,1,1,1]], bs: [[0,0,1,0],[0,1,0,0],[1,0,0,1],[1,1,0,0]]},
{as: [[0,0,1,1],[0,1,0,1],[1,0,1,0],[1,1,0,1],[1,1,1,1]], bs: [[0,0,1,0],[0,1,1,0],[1,0,0,0],[1,1,0,0]]},
{as: [[0,0,1,1],[0,1,0,1],[1,0,1,1],[1,1,0,1],[1,1,1,0]], bs: [[0,0,0,0],[0,0,0,1],[0,0,1,0],[0,1,0,0]]},
{as: [[0,0,1,1],[0,1,0,1],[1,0,1,1],[1,1,0,1],[1,1,1,0]], bs: [[0,0,0,0],[0,0,0,1],[0,0,1,0],[0,1,1,0]]},
{as: [[0,0,1,1],[0,1,0,1],[1,0,1,1],[1,1,0,1],[1,1,1,0]], bs: [[0,0,0,0],[0,0,0,1],[0,0,1,0],[1,0,0,0]]},
{as: [[0,0,1,1],[0,1,0,1],[1,0,1,1],[1,1,0,1],[1,1,1,0]], bs: [[0,0,0,0],[0,0,0,1],[0,0,1,0],[1,0,0,1]]},
{as: [[0,0,1,1],[0,1,0,1],[1,0,1,1],[1,1,0,1],[1,1,1,0]], bs: [[0,0,0,0],[0,0,0,1],[0,0,1,0],[1,0,1,0]]},
{as: [[0,0,1,1],[0,1,0,1],[1,0,1,1],[1,1,0,1],[1,1,1,0]], bs: [[0,0,0,0],[0,0,0,1],[0,0,1,0],[1,1,0,0]]},
{as: [[0,0,1,1],[0,1,0,1],[1,0,1,1],[1,1,0,1],[1,1,1,0]], bs: [[0,0,0,0],[0,0,0,1],[0,1,1,0],[1,0,0,0]]},
{as: [[0,0,1,1],[0,1,0,1],[1,0,1,1],[1,1,0,1],[1,1,1,0]], bs: [[0,0,0,0],[0,0,0,1],[0,1,1,0],[1,0,0,1]]},
{as: [[0,0,1,1],[0,1,0,1],[1,0,1,1],[1,1,0,1],[1,1,1,0]], bs: [[0,0,0,0],[0,0,0,1],[0,1,1,0],[1,0,1,0]]},
{as: [[0,0,1,1],[0,1,0,1],[1,0,1,1],[1,1,0,1],[1,1,1,0]], bs: [[0,0,0,0],[0,0,0,1],[1,0,0,0],[1,0,0,1]]},
{as: [[0,0,1,1],[0,1,0,1],[1,0,1,1],[1,1,0,1],[1,1,1,0]], bs: [[0,0,0,0],[0,0,0,1],[1,0,0,0],[1,0,1,0]]},
{as: [[0,0,1,1],[0,1,0,1],[1,0,1,1],[1,1,0,1],[1,1,1,0]], bs: [[0,0,0,0],[0,0,0,1],[1,0,0,1],[1,0,1,0]]},
{as: [[0,0,1,1],[0,1,0,1],[1,0,1,1],[1,1,0,1],[1,1,1,0]], bs: [[0,0,0,0],[0,0,0,1],[1,0,1,0],[1,1,0,0]]},
{as: [[0,0,1,1],[0,1,0,1],[1,0,1,1],[1,1,0,1],[1,1,1,0]], bs: [[0,0,0,0],[0,0,1,0],[0,1,0,0],[0,1,1,0]]},
{as: [[0,0,1,1],[0,1,0,1],[1,0,1,1],[1,1,0,1],[1,1,1,0]], bs: [[0,0,0,0],[0,0,1,0],[0,1,0,0],[0,1,1,1]]},
{as: [[0,0,1,1],[0,1,0,1],[1,0,1,1],[1,1,0,1],[1,1,1,0]], bs: [[0,0,0,0],[0,0,1,0],[0,1,0,0],[1,0,0,0]]},
{as: [[0,0,1,1],[0,1,0,1],[1,0,1,1],[1,1,0,1],[1,1,1,0]], bs: [[0,0,0,0],[0,0,1,0],[0,1,0,0],[1,0,0,1]]},
{as: [[0,0,1,1],[0,1,0,1],[1,0,1,1],[1,1,0,1],[1,1,1,0]], bs: [[0,0,0,0],[0,0,1,0],[0,1,0,0],[1,0,1,0]]},
{as: [[0,0,1,1],[0,1,0,1],[1,0,1,1],[1,1,0,1],[1,1,1,0]], bs: [[0,0,0,0],[0,0,1,0],[0,1,1,0],[1,0,0,0]]},
{as: [[0,0,1,1],[0,1,0,1],[1,0,1,1],[1,1,0,1],[1,1,1,0]], bs: [[0,0,0,0],[0,0,1,0],[0,1,1,0],[1,0,0,1]]},
{as: [[0,0,1,1],[0,1,0,1],[1,0,1,1],[1,1,0,1],[1,1,1,0]], bs: [[0,0,0,0],[0,0,1,0],[0,1,1,0],[1,1,0,0]]},
{as: [[0,0,1,1],[0,1,0,1],[1,0,1,1],[1,1,0,1],[1,1,1,0]], bs: [[0,0,0,0],[0,0,1,0],[1,0,0,0],[1,0,0,1]]},
{as: [[0,0,1,1],[0,1,0,1],[1,0,1,1],[1,1,0,1],[1,1,1,0]], bs: [[0,0,0,0],[0,0,1,0],[1,0,0,0],[1,0,1,0]]},
{as: [[0,0,1,1],[0,1,0,1],[1,0,1,1],[1,1,0,1],[1,1,1,0]], bs: [[0,0,0,0],[0,0,1,0],[1,0,0,0],[1,1,0,0]]},
{as: [[0,0,1,1],[0,1,0,1],[1,0,1,1],[1,1,0,1],[1,1,1,0]], bs: [[0,0,0,0],[0,0,1,0],[1,0,0,1],[1,0,1,0]]},
{as: [[0,0,1,1],[0,1,0,1],[1,0,1,1],[1,1,0,1],[1,1,1,0]], bs: [[0,0,0,0],[0,0,1,0],[1,0,0,1],[1,1,0,0]]},
{as: [[0,0,1,1],[0,1,0,1],[1,0,1,1],[1,1,0,1],[1,1,1,0]], bs: [[0,0,0,0],[0,0,1,0],[1,0,1,0],[1,1,0,0]]},
{as: [[0,0,1,1],[0,1,0,1],[1,0,1,1],[1,1,0,1],[1,1,1,0]], bs: [[0,0,0,0],[0,1,1,0],[1,0,0,0],[1,0,0,1]]},
{as: [[0,0,1,1],[0,1,0,1],[1,0,1,1],[1,1,0,1],[1,1,1,0]], bs: [[0,0,0,0],[0,1,1,0],[1,0,0,0],[1,0,1,0]]},
{as: [[0,0,1,1],[0,1,0,1],[1,0,1,1],[1,1,0,1],[1,1,1,0]], bs: [[0,0,0,0],[0,1,1,0],[1,0,0,1],[1,0,1,0]]},
{as: [[0,0,1,1],[0,1,0,1],[1,0,1,1],[1,1,0,1],[1,1,1,0]], bs: [[0,0,0,0],[0,1,1,0],[1,0,1,0],[1,1,0,0]]},
{as: [[0,0,1,1],[0,1,0,1],[1,0,1,1],[1,1,0,1],[1,1,1,0]], bs: [[0,0,0,1],[0,0,1,0],[0,1,0,0],[0,1,1,0]]},
{as: [[0,0,1,1],[0,1,0,1],[1,0,1,1],[1,1,0,1],[1,1,1,0]], bs: [[0,0,0,1],[0,0,1,0],[0,1,0,0],[1,0,0,0]]},
{as: [[0,0,1,1],[0,1,0,1],[1,0,1,1],[1,1,0,1],[1,1,1,0]], bs: [[0,0,0,1],[0,0,1,0],[0,1,0,0],[1,0,0,1]]},
{as: [[0,0,1,1],[0,1,0,1],[1,0,1,1],[1,1,0,1],[1,1,1,0]], bs: [[0,0,0,1],[0,0,1,0],[0,1,0,0],[1,0,1,0]]},
{as: [[0,0,1,1],[0,1,0,1],[1,0,1,1],[1,1,0,1],[1,1,1,0]], bs: [[0,0,0,1],[0,0,1,0],[0,1,1,0],[1,0,0,0]]},
{as: [[0,0,1,1],[0,1,0,1],[1,0,1,1],[1,1,0,1],[1,1,1,0]], bs: [[0,0,0,1],[0,0,1,0],[0,1,1,0],[1,0,0,1]]},
{as: [[0,0,1,1],[0,1,0,1],[1,0,1,1],[1,1,0,1],[1,1,1,0]], bs: [[0,0,0,1],[0,0,1,0],[0,1,1,0],[1,1,0,0]]},
{as: [[0,0,1,1],[0,1,0,1],[1,0,1,1],[1,1,0,1],[1,1,1,0]], bs: [[0,0,0,1],[0,0,1,0],[1,0,0,0],[1,0,0,1]]},
{as: [[0,0,1,1],[0,1,0,1],[1,0,1,1],[1,1,0,1],[1,1,1,0]], bs: [[0,0,0,1],[0,0,1,0],[1,0,0,0],[1,0,1,0]]},
{as: [[0,0,1,1],[0,1,0,1],[1,0,1,1],[1,1,0,1],[1,1,1,0]], bs: [[0,0,0,1],[0,0,1,0],[1,0,0,0],[1,1,0,0]]},
{as: [[0,0,1,1],[0,1,0,1],[1,0,1,1],[1,1,0,1],[1,1,1,0]], bs: [[0,0,0,1],[0,0,1,0],[1,0,0,1],[1,0,1,0]]},
{as: [[0,0,1,1],[0,1,0,1],[1,0,1,1],[1,1,0,1],[1,1,1,0]], bs: [[0,0,0,1],[0,0,1,0],[1,0,0,1],[1,1,0,0]]},
{as: [[0,0,1,1],[0,1,0,1],[1,0,1,1],[1,1,0,1],[1,1,1,0]], bs: [[0,0,0,1],[0,0,1,0],[1,0,1,0],[1,1,0,0]]},
{as: [[0,0,1,1],[0,1,0,1],[1,0,1,1],[1,1,0,1],[1,1,1,0]], bs: [[0,0,0,1],[0,1,1,0],[1,0,0,0],[1,0,0,1]]},
{as: [[0,0,1,1],[0,1,0,1],[1,0,1,1],[1,1,0,1],[1,1,1,0]], bs: [[0,0,0,1],[0,1,1,0],[1,0,0,0],[1,0,1,0]]},
{as: [[0,0,1,1],[0,1,0,1],[1,0,1,1],[1,1,0,1],[1,1,1,0]], bs: [[0,0,0,1],[0,1,1,0],[1,0,0,1],[1,0,1,0]]},
{as: [[0,0,1,1],[0,1,0,1],[1,0,1,1],[1,1,0,1],[1,1,1,0]], bs: [[0,0,0,1],[0,1,1,0],[1,0,1,0],[1,1,0,0]]},
{as: [[0,0,1,1],[0,1,0,1],[1,0,1,1],[1,1,0,1],[1,1,1,0]], bs: [[0,0,1,0],[0,1,0,0],[0,1,1,0],[1,0,0,0]]},
{as: [[0,0,1,1],[0,1,0,1],[1,0,1,1],[1,1,0,1],[1,1,1,0]], bs: [[0,0,1,0],[0,1,0,0],[0,1,1,0],[1,0,0,1]]},
{as: [[0,0,1,1],[0,1,0,1],[1,0,1,1],[1,1,0,1],[1,1,1,0]], bs: [[0,0,1,0],[0,1,0,0],[1,0,0,0],[1,0,0,1]]},
{as: [[0,0,1,1],[0,1,0,1],[1,0,1,1],[1,1,0,1],[1,1,1,0]], bs: [[0,0,1,0],[0,1,0,0],[1,0,0,0],[1,0,1,0]]},
{as: [[0,0,1,1],[0,1,0,1],[1,0,1,1],[1,1,0,1],[1,1,1,0]], bs: [[0,0,1,0],[0,1,0,0],[1,0,0,1],[1,0,1,0]]},
{as: [[0,0,1,1],[0,1,0,1],[1,0,1,1],[1,1,0,1],[1,1,1,0]], bs: [[0,0,1,0],[0,1,0,0],[1,0,1,0],[1,1,0,0]]},
{as: [[0,0,1,1],[0,1,0,1],[1,0,1,1],[1,1,0,1],[1,1,1,0]], bs: [[0,0,1,0],[0,1,1,0],[1,0,0,0],[1,0,0,1]]},
{as: [[0,0,1,1],[0,1,0,1],[1,0,1,1],[1,1,0,1],[1,1,1,0]], bs: [[0,0,1,0],[0,1,1,0],[1,0,0,0],[1,1,0,0]]},
{as: [[0,0,1,1],[0,1,0,1],[1,0,1,1],[1,1,0,1],[1,1,1,0]], bs: [[0,0,1,0],[0,1,1,0],[1,0,0,1],[1,1,0,0]]},
{as: [[0,0,1,1],[0,1,0,1],[1,0,1,1],[1,1,0,1],[1,1,1,1]], bs: [[0,0,0,0],[0,0,0,1],[0,0,1,0],[0,1,0,0]]},
{as: [[0,0,1,1],[0,1,0,1],[1,0,1,1],[1,1,0,1],[1,1,1,1]], bs: [[0,0,0,0],[0,0,0,1],[0,0,1,0],[0,1,1,0]]},
{as: [[0,0,1,1],[0,1,0,1],[1,0,1,1],[1,1,0,1],[1,1,1,1]], bs: [[0,0,0,0],[0,0,0,1],[0,0,1,0],[1,0,0,0]]},
{as: [[0,0,1,1],[0,1,0,1],[1,0,1,1],[1,1,0,1],[1,1,1,1]], bs: [[0,0,0,0],[0,0,0,1],[0,0,1,0],[1,0,0,1]]},
{as: [[0,0,1,1],[0,1,0,1],[1,0,1,1],[1,1,0,1],[1,1,1,1]], bs: [[0,0,0,0],[0,0,0,1],[0,0,1,0],[1,0,1,0]]},
{as: [[0,0,1,1],[0,1,0,1],[1,0,1,1],[1,1,0,1],[1,1,1,1]], bs: [[0,0,0,0],[0,0,0,1],[0,0,1,0],[1,1,0,0]]},
{as: [[0,0,1,1],[0,1,0,1],[1,0,1,1],[1,1,0,1],[1,1,1,1]], bs: [[0,0,0,0],[0,0,0,1],[0,0,1,0],[1,1,1,0]]},
{as: [[0,0,1,1],[0,1,0,1],[1,0,1,1],[1,1,0,1],[1,1,1,1]], bs: [[0,0,0,0],[0,0,0,1],[0,1,1,0],[1,0,0,0]]},
{as: [[0,0,1,1],[0,1,0,1],[1,0,1,1],[1,1,0,1],[1,1,1,1]], bs: [[0,0,0,0],[0,0,0,1],[0,1,1,0],[1,0,0,1]]},
{as: [[0,0,1,1],[0,1,0,1],[1,0,1,1],[1,1,0,1],[1,1,1,1]], bs: [[0,0,0,0],[0,0,0,1],[0,1,1,0],[1,0,1,0]]},
{as: [[0,0,1,1],[0,1,0,1],[1,0,1,1],[1,1,0,1],[1,1,1,1]], bs: [[0,0,0,0],[0,0,0,1],[0,1,1,0],[1,1,1,0]]},
{as: [[0,0,1,1],[0,1,0,1],[1,0,1,1],[1,1,0,1],[1,1,1,1]], bs: [[0,0,0,0],[0,0,0,1],[1,0,0,0],[1,0,0,1]]},
{as: [[0,0,1,1],[0,1,0,1],[1,0,1,1],[1,1,0,1],[1,1,1,1]], bs: [[0,0,0,0],[0,0,0,1],[1,0,0,0],[1,0,1,0]]},
{as: [[0,0,1,1],[0,1,0,1],[1,0,1,1],[1,1,0,1],[1,1,1,1]], bs: [[0,0,0,0],[0,0,0,1],[1,0,0,0],[1,1,1,0]]},
{as: [[0,0,1,1],[0,1,0,1],[1,0,1,1],[1,1,0,1],[1,1,1,1]], bs: [[0,0,0,0],[0,0,0,1],[1,0,0,1],[1,0,1,0]]},
{as: [[0,0,1,1],[0,1,0,1],[1,0,1,1],[1,1,0,1],[1,1,1,1]], bs: [[0,0,0,0],[0,0,0,1],[1,0,0,1],[1,1,1,0]]},
{as: [[0,0,1,1],[0,1,0,1],[1,0,1,1],[1,1,0,1],[1,1,1,1]], bs: [[0,0,0,0],[0,0,0,1],[1,0,1,0],[1,1,0,0]]},
{as: [[0,0,1,1],[0,1,0,1],[1,0,1,1],[1,1,0,1],[1,1,1,1]], bs: [[0,0,0,0],[0,0,0,1],[1,0,1,0],[1,1,1,0]]},
{as: [[0,0,1,1],[0,1,0,1],[1,0,1,1],[1,1,0,1],[1,1,1,1]], bs: [[0,0,0,0],[0,0,1,0],[0,1,0,0],[0,1,1,0]]},
{as: [[0,0,1,1],[0,1,0,1],[1,0,1,1],[1,1,0,1],[1,1,1,1]], bs: [[0,0,0,0],[0,0,1,0],[0,1,0,0],[0,1,1,1]]},
{as: [[0,0,1,1],[0,1,0,1],[1,0,1,1],[1,1,0,1],[1,1,1,1]], bs: [[0,0,0,0],[0,0,1,0],[0,1,0,0],[1,0,0,0]]},
{as: [[0,0,1,1],[0,1,0,1],[1,0,1,1],[1,1,0,1],[1,1,1,1]], bs: [[0,0,0,0],[0,0,1,0],[0,1,0,0],[1,0,0,1]]},
{as: [[0,0,1,1],[0,1,0,1],[1,0,1,1],[1,1,0,1],[1,1,1,1]], bs: [[0,0,0,0],[0,0,1,0],[0,1,0,0],[1,0,1,0]]},
{as: [[0,0,1,1],[0,1,0,1],[1,0,1,1],[1,1,0,1],[1,1,1,1]], bs: [[0,0,0,0],[0,0,1,0],[0,1,0,0],[1,1,1,0]]},
{as: [[0,0,1,1],[0,1,0,1],[1,0,1,1],[1,1,0,1],[1,1,1,1]], bs: [[0,0,0,0],[0,0,1,0],[0,1,1,0],[1,0,0,0]]},
{as: [[0,0,1,1],[0,1,0,1],[1,0,1,1],[1,1,0,1],[1,1,1,1]], bs: [[0,0,0,0],[0,0,1,0],[0,1,1,0],[1,0,0,1]]},
{as: [[0,0,1,1],[0,1,0,1],[1,0,1,1],[1,1,0,1],[1,1,1,1]], bs: [[0,0,0,0],[0,0,1,0],[0,1,1,0],[1,1,0,0]]},
{as: [[0,0,1,1],[0,1,0,1],[1,0,1,1],[1,1,0,1],[1,1,1,1]], bs: [[0,0,0,0],[0,0,1,0],[0,1,1,1],[1,0,0,0]]},
{as: [[0,0,1,1],[0,1,0,1],[1,0,1,1],[1,1,0,1],[1,1,1,1]], bs: [[0,0,0,0],[0,0,1,0],[0,1,1,1],[1,1,0,0]]},
{as: [[0,0,1,1],[0,1,0,1],[1,0,1,1],[1,1,0,1],[1,1,1,1]], bs: [[0,0,0,0],[0,0,1,0],[1,0,0,0],[1,0,0,1]]},
{as: [[0,0,1,1],[0,1,0,1],[1,0,1,1],[1,1,0,1],[1,1,1,1]], bs: [[0,0,0,0],[0,0,1,0],[1,0,0,0],[1,0,1,0]]},
{as: [[0,0,1,1],[0,1,0,1],[1,0,1,1],[1,1,0,1],[1,1,1,1]], bs: [[0,0,0,0],[0,0,1,0],[1,0,0,0],[1,1,0,0]]},
{as: [[0,0,1,1],[0,1,0,1],[1,0,1,1],[1,1,0,1],[1,1,1,1]], bs: [[0,0,0,0],[0,0,1,0],[1,0,0,0],[1,1,1,0]]},
{as: [[0,0,1,1],[0,1,0,1],[1,0,1,1],[1,1,0,1],[1,1,1,1]], bs: [[0,0,0,0],[0,0,1,0],[1,0,0,1],[1,0,1,0]]},
{as: [[0,0,1,1],[0,1,0,1],[1,0,1,1],[1,1,0,1],[1,1,1,1]], bs: [[0,0,0,0],[0,0,1,0],[1,0,0,1],[1,1,0,0]]},
{as: [[0,0,1,1],[0,1,0,1],[1,0,1,1],[1,1,0,1],[1,1,1,1]], bs: [[0,0,0,0],[0,0,1,0],[1,0,0,1],[1,1,1,0]]},
{as: [[0,0,1,1],[0,1,0,1],[1,0,1,1],[1,1,0,1],[1,1,1,1]], bs: [[0,0,0,0],[0,0,1,0],[1,0,1,0],[1,1,0,0]]},
{as: [[0,0,1,1],[0,1,0,1],[1,0,1,1],[1,1,0,1],[1,1,1,1]], bs: [[0,0,0,0],[0,0,1,0],[1,1,0,0],[1,1,1,0]]},
{as: [[0,0,1,1],[0,1,0,1],[1,0,1,1],[1,1,0,1],[1,1,1,1]], bs: [[0,0,0,0],[0,1,1,0],[0,1,1,1],[1,0,0,0]]},
{as: [[0,0,1,1],[0,1,0,1],[1,0,1,1],[1,1,0,1],[1,1,1,1]], bs: [[0,0,0,0],[0,1,1,0],[1,0,0,0],[1,0,0,1]]},
{as: [[0,0,1,1],[0,1,0,1],[1,0,1,1],[1,1,0,1],[1,1,1,1]], bs: [[0,0,0,0],[0,1,1,0],[1,0,0,0],[1,0,1,0]]},
{as: [[0,0,1,1],[0,1,0,1],[1,0,1,1],[1,1,0,1],[1,1,1,1]], bs: [[0,0,0,0],[0,1,1,0],[1,0,0,0],[1,1,1,0]]},
{as: [[0,0,1,1],[0,1,0,1],[1,0,1,1],[1,1,0,1],[1,1,1,1]], bs: [[0,0,0,0],[0,1,1,0],[1,0,0,1],[1,0,1,0]]},
{as: [[0,0,1,1],[0,1,0,1],[1,0,1,1],[1,1,0,1],[1,1,1,1]], bs: [[0,0,0,0],[0,1,1,0],[1,0,0,1],[1,1,1,0]]},
{as: [[0,0,1,1],[0,1,0,1],[1,0,1,1],[1,1,0,1],[1,1,1,1]], bs: [[0,0,0,0],[0,1,1,0],[1,0,1,0],[1,1,0,0]]},
{as: [[0,0,1,1],[0,1,0,1],[1,0,1,1],[1,1,0,1],[1,1,1,1]], bs: [[0,0,0,0],[0,1,1,1],[1,0,0,0],[1,0,1,0]]},
{as: [[0,0,1,1],[0,1,0,1],[1,0,1,1],[1,1,0,1],[1,1,1,1]], bs: [[0,0,0,0],[0,1,1,1],[1,0,0,0],[1,1,1,0]]},
{as: [[0,0,1,1],[0,1,0,1],[1,0,1,1],[1,1,0,1],[1,1,1,1]], bs: [[0,0,0,0],[0,1,1,1],[1,0,1,0],[1,1,0,0]]},
{as: [[0,0,1,1],[0,1,0,1],[1,0,1,1],[1,1,0,1],[1,1,1,1]], bs: [[0,0,0,1],[0,0,1,0],[0,1,0,0],[0,1,1,0]]},
{as: [[0,0,1,1],[0,1,0,1],[1,0,1,1],[1,1,0,1],[1,1,1,1]], bs: [[0,0,0,1],[0,0,1,0],[0,1,0,0],[1,0,0,0]]},
{as: [[0,0,1,1],[0,1,0,1],[1,0,1,1],[1,1,0,1],[1,1,1,1]], bs: [[0,0,0,1],[0,0,1,0],[0,1,0,0],[1,0,0,1]]},
{as: [[0,0,1,1],[0,1,0,1],[1,0,1,1],[1,1,0,1],[1,1,1,1]], bs: [[0,0,0,1],[0,0,1,0],[0,1,0,0],[1,0,1,0]]},
{as: [[0,0,1,1],[0,1,0,1],[1,0,1,1],[1,1,0,1],[1,1,1,1]], bs: [[0,0,0,1],[0,0,1,0],[0,1,0,0],[1,1,1,0]]},
{as: [[0,0,1,1],[0,1,0,1],[1,0,1,1],[1,1,0,1],[1,1,1,1]], bs: [[0,0,0,1],[0,0,1,0],[0,1,1,0],[1,0,0,0]]},
{as: [[0,0,1,1],[0,1,0,1],[1,0,1,1],[1,1,0,1],[1,1,1,1]], bs: [[0,0,0,1],[0,0,1,0],[0,1,1,0],[1,0,0,1]]},
{as: [[0,0,1,1],[0,1,0,1],[1,0,1,1],[1,1,0,1],[1,1,1,1]], bs: [[0,0,0,1],[0,0,1,0],[0,1,1,0],[1,1,0,0]]},
{as: [[0,0,1,1],[0,1,0,1],[1,0,1,1],[1,1,0,1],[1,1,1,1]], bs: [[0,0,0,1],[0,0,1,0],[1,0,0,0],[1,0,0,1]]},
{as: [[0,0,1,1],[0,1,0,1],[1,0,1,1],[1,1,0,1],[1,1,1,1]], bs: [[0,0,0,1],[0,0,1,0],[1,0,0,0],[1,0,1,0]]},
{as: [[0,0,1,1],[0,1,0,1],[1,0,1,1],[1,1,0,1],[1,1,1,1]], bs: [[0,0,0,1],[0,0,1,0],[1,0,0,0],[1,1,0,0]]},
{as: [[0,0,1,1],[0,1,0,1],[1,0,1,1],[1,1,0,1],[1,1,1,1]], bs: [[0,0,0,1],[0,0,1,0],[1,0,0,0],[1,1,1,0]]},
{as: [[0,0,1,1],[0,1,0,1],[1,0,1,1],[1,1,0,1],[1,1,1,1]], bs: [[0,0,0,1],[0,0,1,0],[1,0,0,1],[1,0,1,0]]},
{as: [[0,0,1,1],[0,1,0,1],[1,0,1,1],[1,1,0,1],[1,1,1,1]], bs: [[0,0,0,1],[0,0,1,0],[1,0,0,1],[1,1,0,0]]},
{as: [[0,0,1,1],[0,1,0,1],[1,0,1,1],[1,1,0,1],[1,1,1,1]], bs: [[0,0,0,1],[0,0,1,0],[1,0,0,1],[1,1,1,0]]},
{as: [[0,0,1,1],[0,1,0,1],[1,0,1,1],[1,1,0,1],[1,1,1,1]], bs: [[0,0,0,1],[0,0,1,0],[1,0,1,0],[1,1,0,0]]},
{as: [[0,0,1,1],[0,1,0,1],[1,0,1,1],[1,1,0,1],[1,1,1,1]], bs: [[0,0,0,1],[0,0,1,0],[1,1,0,0],[1,1,1,0]]},
{as: [[0,0,1,1],[0,1,0,1],[1,0,1,1],[1,1,0,1],[1,1,1,1]], bs: [[0,0,0,1],[0,1,1,0],[1,0,0,0],[1,0,0,1]]},
{as: [[0,0,1,1],[0,1,0,1],[1,0,1,1],[1,1,0,1],[1,1,1,1]], bs: [[0,0,0,1],[0,1,1,0],[1,0,0,0],[1,0,1,0]]},
{as: [[0,0,1,1],[0,1,0,1],[1,0,1,1],[1,1,0,1],[1,1,1,1]], bs: [[0,0,0,1],[0,1,1,0],[1,0,0,0],[1,1,1,0]]},
{as: [[0,0,1,1],[0,1,0,1],[1,0,1,1],[1,1,0,1],[1,1,1,1]], bs: [[0,0,0,1],[0,1,1,0],[1,0,0,1],[1,0,1,0]]},
{as: [[0,0,1,1],[0,1,0,1],[1,0,1,1],[1,1,0,1],[1,1,1,1]], bs: [[0,0,0,1],[0,1,1,0],[1,0,0,1],[1,1,1,0]]},
{as: [[0,0,1,1],[0,1,0,1],[1,0,1,1],[1,1,0,1],[1,1,1,1]], bs: [[0,0,0,1],[0,1,1,0],[1,0,1,0],[1,1,0,0]]},
{as: [[0,0,1,1],[0,1,0,1],[1,0,1,1],[1,1,0,1],[1,1,1,1]], bs: [[0,0,1,0],[0,1,0,0],[0,1,1,0],[1,0,0,0]]},
{as: [[0,0,1,1],[0,1,0,1],[1,0,1,1],[1,1,0,1],[1,1,1,1]], bs: [[0,0,1,0],[0,1,0,0],[0,1,1,0],[1,0,0,1]]},
{as: [[0,0,1,1],[0,1,0,1],[1,0,1,1],[1,1,0,1],[1,1,1,1]], bs: [[0,0,1,0],[0,1,0,0],[0,1,1,1],[1,0,0,0]]},
{as: [[0,0,1,1],[0,1,0,1],[1,0,1,1],[1,1,0,1],[1,1,1,1]], bs: [[0,0,1,0],[0,1,0,0],[1,0,0,0],[1,0,0,1]]},
{as: [[0,0,1,1],[0,1,0,1],[1,0,1,1],[1,1,0,1],[1,1,1,1]], bs: [[0,0,1,0],[0,1,0,0],[1,0,0,0],[1,0,1,0]]},
{as: [[0,0,1,1],[0,1,0,1],[1,0,1,1],[1,1,0,1],[1,1,1,1]], bs: [[0,0,1,0],[0,1,0,0],[1,0,0,0],[1,1,1,0]]},
{as: [[0,0,1,1],[0,1,0,1],[1,0,1,1],[1,1,0,1],[1,1,1,1]], bs: [[0,0,1,0],[0,1,0,0],[1,0,0,1],[1,0,1,0]]},
{as: [[0,0,1,1],[0,1,0,1],[1,0,1,1],[1,1,0,1],[1,1,1,1]], bs: [[0,0,1,0],[0,1,0,0],[1,0,0,1],[1,1,1,0]]},
{as: [[0,0,1,1],[0,1,0,1],[1,0,1,1],[1,1,0,1],[1,1,1,1]], bs: [[0,0,1,0],[0,1,0,0],[1,0,1,0],[1,1,0,0]]},
{as: [[0,0,1,1],[0,1,0,1],[1,0,1,1],[1,1,0,1],[1,1,1,1]], bs: [[0,0,1,0],[0,1,1,0],[1,0,0,0],[1,0,0,1]]},
{as: [[0,0,1,1],[0,1,0,1],[1,0,1,1],[1,1,0,1],[1,1,1,1]], bs: [[0,0,1,0],[0,1,1,0],[1,0,0,0],[1,1,0,0]]},
{as: [[0,0,1,1],[0,1,0,1],[1,0,1,1],[1,1,0,1],[1,1,1,1]], bs: [[0,0,1,0],[0,1,1,0],[1,0,0,1],[1,1,0,0]]},
{as: [[0,0,1,1],[0,1,0,1],[1,0,1,1],[1,1,0,1],[1,1,1,1]], bs: [[0,0,1,0],[0,1,1,1],[1,0,0,0],[1,1,0,0]]},
{as: [[0,0,1,1],[0,1,0,1],[1,0,1,1],[1,1,1,0],[1,1,1,1]], bs: [[0,0,0,0],[0,0,0,1],[0,0,1,0],[0,1,0,0]]},
{as: [[0,0,1,1],[0,1,0,1],[1,0,1,1],[1,1,1,0],[1,1,1,1]], bs: [[0,0,0,0],[0,0,0,1],[0,0,1,0],[0,1,1,0]]},
{as: [[0,0,1,1],[0,1,0,1],[1,0,1,1],[1,1,1,0],[1,1,1,1]], bs: [[0,0,0,0],[0,0,0,1],[0,0,1,0],[1,0,0,0]]},
{as: [[0,0,1,1],[0,1,0,1],[1,0,1,1],[1,1,1,0],[1,1,1,1]], bs: [[0,0,0,0],[0,0,0,1],[0,0,1,0],[1,0,0,1]]},
{as: [[0,0,1,1],[0,1,0,1],[1,0,1,1],[1,1,1,0],[1,1,1,1]], bs: [[0,0,0,0],[0,0,0,1],[0,0,1,0],[1,0,1,0]]},
{as: [[0,0,1,1],[0,1,0,1],[1,0,1,1],[1,1,1,0],[1,1,1,1]], bs: [[0,0,0,0],[0,0,0,1],[0,0,1,0],[1,1,0,0]]},
{as: [[0,0,1,1],[0,1,0,1],[1,0,1,1],[1,1,1,0],[1,1,1,1]], bs: [[0,0,0,0],[0,0,0,1],[0,0,1,0],[1,1,0,1]]},
{as: [[0,0,1,1],[0,1,0,1],[1,0,1,1],[1,1,1,0],[1,1,1,1]], bs: [[0,0,0,0],[0,0,0,1],[0,1,0,0],[0,1,1,0]]},
{as: [[0,0,1,1],[0,1,0,1],[1,0,1,1],[1,1,1,0],[1,1,1,1]], bs: [[0,0,0,0],[0,0,0,1],[0,1,0,0],[1,0,0,0]]},
{as: [[0,0,1,1],[0,1,0,1],[1,0,1,1],[1,1,1,0],[1,1,1,1]], bs: [[0,0,0,0],[0,0,0,1],[0,1,0,0],[1,0,0,1]]},
{as: [[0,0,1,1],[0,1,0,1],[1,0,1,1],[1,1,1,0],[1,1,1,1]], bs: [[0,0,0,0],[0,0,0,1],[0,1,0,0],[1,0,1,0]]},
{as: [[0,0,1,1],[0,1,0,1],[1,0,1,1],[1,1,1,0],[1,1,1,1]], bs: [[0,0,0,0],[0,0,0,1],[0,1,0,0],[1,1,0,0]]},
{as: [[0,0,1,1],[0,1,0,1],[1,0,1,1],[1,1,1,0],[1,1,1,1]], bs: [[0,0,0,0],[0,0,0,1],[0,1,0,0],[1,1,0,1]]},
{as: [[0,0,1,1],[0,1,0,1],[1,0,1,1],[1,1,1,0],[1,1,1,1]], bs: [[0,0,0,0],[0,0,0,1],[0,1,1,0],[1,0,0,0]]},
{as: [[0,0,1,1],[0,1,0,1],[1,0,1,1],[1,1,1,0],[1,1,1,1]], bs: [[0,0,0,0],[0,0,0,1],[0,1,1,0],[1,0,0,1]]},
{as: [[0,0,1,1],[0,1,0,1],[1,0,1,1],[1,1,1,0],[1,1,1,1]], bs: [[0,0,0,0],[0,0,0,1],[0,1,1,0],[1,0,1,0]]},
{as: [[0,0,1,1],[0,1,0,1],[1,0,1,1],[1,1,1,0],[1,1,1,1]], bs: [[0,0,0,0],[0,0,0,1],[0,1,1,0],[1,1,0,0]]},
{as: [[0,0,1,1],[0,1,0,1],[1,0,1,1],[1,1,1,0],[1,1,1,1]], bs: [[0,0,0,0],[0,0,0,1],[1,0,0,0],[1,0,0,1]]},
{as: [[0,0,1,1],[0,1,0,1],[1,0,1,1],[1,1,1,0],[1,1,1,1]], bs: [[0,0,0,0],[0,0,0,1],[1,0,0,0],[1,0,1,0]]},
{as: [[0,0,1,1],[0,1,0,1],[1,0,1,1],[1,1,1,0],[1,1,1,1]], bs: [[0,0,0,0],[0,0,0,1],[1,0,0,0],[1,1,0,0]]},
{as: [[0,0,1,1],[0,1,0,1],[1,0,1,1],[1,1,1,0],[1,1,1,1]], bs: [[0,0,0,0],[0,0,0,1],[1,0,0,0],[1,1,0,1]]},
{as: [[0,0,1,1],[0,1,0,1],[1,0,1,1],[1,1,1,0],[1,1,1,1]], bs: [[0,0,0,0],[0,0,0,1],[1,0,0,1],[1,0,1,0]]},
{as: [[0,0,1,1],[0,1,0,1],[1,0,1,1],[1,1,1,0],[1,1,1,1]], bs: [[0,0,0,0],[0,0,0,1],[1,0,0,1],[1,1,0,0]]},
{as: [[0,0,1,1],[0,1,0,1],[1,0,1,1],[1,1,1,0],[1,1,1,1]], bs: [[0,0,0,0],[0,0,0,1],[1,0,1,0],[1,1,0,0]]},
{as: [[0,0,1,1],[0,1,0,1],[1,0,1,1],[1,1,1,0],[1,1,1,1]], bs: [[0,0,0,0],[0,0,0,1],[1,0,1,0],[1,1,0,1]]},
{as: [[0,0,1,1],[0,1,0,1],[1,0,1,1],[1,1,1,0],[1,1,1,1]], bs: [[0,0,0,0],[0,0,0,1],[1,1,0,0],[1,1,0,1]]},
{as: [[0,0,1,1],[0,1,0,1],[1,0,1,1],[1,1,1,0],[1,1,1,1]], bs: [[0,0,0,0],[0,0,1,0],[0,1,0,0],[0,1,1,0]]},
{as: [[0,0,1,1],[0,1,0,1],[1,0,1,1],[1,1,1,0],[1,1,1,1]], bs: [[0,0,0,0],[0,0,1,0],[0,1,0,0],[0,1,1,1]]},
{as: [[0,0,1,1],[0,1,0,1],[1,0,1,1],[1,1,1,0],[1,1,1,1]], bs: [[0,0,0,0],[0,0,1,0],[0,1,0,0],[1,0,0,0]]},
{as: [[0,0,1,1],[0,1,0,1],[1,0,1,1],[1,1,1,0],[1,1,1,1]], bs: [[0,0,0,0],[0,0,1,0],[0,1,0,0],[1,0,0,1]]},
{as: [[0,0,1,1],[0,1,0,1],[1,0,1,1],[1,1,1,0],[1,1,1,1]], bs: [[0,0,0,0],[0,0,1,0],[0,1,0,0],[1,0,1,0]]},
{as: [[0,0,1,1],[0,1,0,1],[1,0,1,1],[1,1,1,0],[1,1,1,1]], bs: [[0,0,0,0],[0,0,1,0],[0,1,0,0],[1,1,0,0]]},
{as: [[0,0,1,1],[0,1,0,1],[1,0,1,1],[1,1,1,0],[1,1,1,1]], bs: [[0,0,0,0],[0,0,1,0],[0,1,0,0],[1,1,0,1]]},
{as: [[0,0,1,1],[0,1,0,1],[1,0,1,1],[1,1,1,0],[1,1,1,1]], bs: [[0,0,0,0],[0,0,1,0],[0,1,1,0],[1,0,0,0]]},
{as: [[0,0,1,1],[0,1,0,1],[1,0,1,1],[1,1,1,0],[1,1,1,1]], bs: [[0,0,0,0],[0,0,1,0],[0,1,1,0],[1,0,0,1]]},
{as: [[0,0,1,1],[0,1,0,1],[1,0,1,1],[1,1,1,0],[1,1,1,1]], bs: [[0,0,0,0],[0,0,1,0],[0,1,1,0],[1,1,0,0]]},
{as: [[0,0,1,1],[0,1,0,1],[1,0,1,1],[1,1,1,0],[1,1,1,1]], bs: [[0,0,0,0],[0,0,1,0],[1,0,0,0],[1,0,0,1]]},
{as: [[0,0,1,1],[0,1,0,1],[1,0,1,1],[1,1,1,0],[1,1,1,1]], bs: [[0,0,0,0],[0,0,1,0],[1,0,0,0],[1,0,1,0]]},
{as: [[0,0,1,1],[0,1,0,1],[1,0,1,1],[1,1,1,0],[1,1,1,1]], bs: [[0,0,0,0],[0,0,1,0],[1,0,0,0],[1,1,0,0]]},
{as: [[0,0,1,1],[0,1,0,1],[1,0,1,1],[1,1,1,0],[1,1,1,1]], bs: [[0,0,0,0],[0,0,1,0],[1,0,0,0],[1,1,0,1]]},
{as: [[0,0,1,1],[0,1,0,1],[1,0,1,1],[1,1,1,0],[1,1,1,1]], bs: [[0,0,0,0],[0,0,1,0],[1,0,0,1],[1,0,1,0]]},
{as: [[0,0,1,1],[0,1,0,1],[1,0,1,1],[1,1,1,0],[1,1,1,1]], bs: [[0,0,0,0],[0,0,1,0],[1,0,0,1],[1,1,0,0]]},
{as: [[0,0,1,1],[0,1,0,1],[1,0,1,1],[1,1,1,0],[1,1,1,1]], bs: [[0,0,0,0],[0,0,1,0],[1,0,0,1],[1,1,0,1]]},
{as: [[0,0,1,1],[0,1,0,1],[1,0,1,1],[1,1,1,0],[1,1,1,1]], bs: [[0,0,0,0],[0,0,1,0],[1,0,1,0],[1,1,0,0]]},
{as: [[0,0,1,1],[0,1,0,1],[1,0,1,1],[1,1,1,0],[1,1,1,1]], bs: [[0,0,0,0],[0,0,1,0],[1,0,1,0],[1,1,0,1]]},
{as: [[0,0,1,1],[0,1,0,1],[1,0,1,1],[1,1,1,0],[1,1,1,1]], bs: [[0,0,0,0],[0,0,1,0],[1,1,0,0],[1,1,0,1]]},
{as: [[0,0,1,1],[0,1,0,1],[1,0,1,1],[1,1,1,0],[1,1,1,1]], bs: [[0,0,0,0],[0,1,0,0],[0,1,1,0],[1,0,0,0]]},
{as: [[0,0,1,1],[0,1,0,1],[1,0,1,1],[1,1,1,0],[1,1,1,1]], bs: [[0,0,0,0],[0,1,0,0],[0,1,1,0],[1,0,0,1]]},
{as: [[0,0,1,1],[0,1,0,1],[1,0,1,1],[1,1,1,0],[1,1,1,1]], bs: [[0,0,0,0],[0,1,0,0],[0,1,1,0],[1,0,1,0]]},
{as: [[0,0,1,1],[0,1,0,1],[1,0,1,1],[1,1,1,0],[1,1,1,1]], bs: [[0,0,0,0],[0,1,0,0],[1,0,0,0],[1,0,0,1]]},
{as: [[0,0,1,1],[0,1,0,1],[1,0,1,1],[1,1,1,0],[1,1,1,1]], bs: [[0,0,0,0],[0,1,0,0],[1,0,0,0],[1,0,1,0]]},
{as: [[0,0,1,1],[0,1,0,1],[1,0,1,1],[1,1,1,0],[1,1,1,1]], bs: [[0,0,0,0],[0,1,0,0],[1,0,0,0],[1,1,0,0]]},
{as: [[0,0,1,1],[0,1,0,1],[1,0,1,1],[1,1,1,0],[1,1,1,1]], bs: [[0,0,0,0],[0,1,0,0],[1,0,0,0],[1,1,0,1]]},
{as: [[0,0,1,1],[0,1,0,1],[1,0,1,1],[1,1,1,0],[1,1,1,1]], bs: [[0,0,0,0],[0,1,0,0],[1,0,0,1],[1,0,1,0]]},
{as: [[0,0,1,1],[0,1,0,1],[1,0,1,1],[1,1,1,0],[1,1,1,1]], bs: [[0,0,0,0],[0,1,0,0],[1,0,0,1],[1,1,0,0]]},
{as: [[0,0,1,1],[0,1,0,1],[1,0,1,1],[1,1,1,0],[1,1,1,1]], bs: [[0,0,0,0],[0,1,0,0],[1,0,0,1],[1,1,0,1]]},
{as: [[0,0,1,1],[0,1,0,1],[1,0,1,1],[1,1,1,0],[1,1,1,1]], bs: [[0,0,0,0],[0,1,0,0],[1,0,1,0],[1,1,0,0]]},
{as: [[0,0,1,1],[0,1,0,1],[1,0,1,1],[1,1,1,0],[1,1,1,1]], bs: [[0,0,0,0],[0,1,0,0],[1,0,1,0],[1,1,0,1]]},
{as: [[0,0,1,1],[0,1,0,1],[1,0,1,1],[1,1,1,0],[1,1,1,1]], bs: [[0,0,0,0],[0,1,1,0],[1,0,0,0],[1,0,0,1]]},
{as: [[0,0,1,1],[0,1,0,1],[1,0,1,1],[1,1,1,0],[1,1,1,1]], bs: [[0,0,0,0],[0,1,1,0],[1,0,0,0],[1,0,1,0]]},
{as: [[0,0,1,1],[0,1,0,1],[1,0,1,1],[1,1,1,0],[1,1,1,1]], bs: [[0,0,0,0],[0,1,1,0],[1,0,0,0],[1,1,0,0]]},
{as: [[0,0,1,1],[0,1,0,1],[1,0,1,1],[1,1,1,0],[1,1,1,1]], bs: [[0,0,0,0],[0,1,1,0],[1,0,0,1],[1,0,1,0]]},
{as: [[0,0,1,1],[0,1,0,1],[1,0,1,1],[1,1,1,0],[1,1,1,1]], bs: [[0,0,0,0],[0,1,1,0],[1,0,0,1],[1,1,0,0]]},
{as: [[0,0,1,1],[0,1,0,1],[1,0,1,1],[1,1,1,0],[1,1,1,1]], bs: [[0,0,0,0],[0,1,1,0],[1,0,1,0],[1,1,0,0]]},
{as: [[0,0,1,1],[0,1,0,1],[1,0,1,1],[1,1,1,0],[1,1,1,1]], bs: [[0,0,0,1],[0,0,1,0],[0,1,0,0],[0,1,1,0]]},
{as: [[0,0,1,1],[0,1,0,1],[1,0,1,1],[1,1,1,0],[1,1,1,1]], bs: [[0,0,0,1],[0,0,1,0],[0,1,0,0],[1,0,0,0]]},
{as: [[0,0,1,1],[0,1,0,1],[1,0,1,1],[1,1,1,0],[1,1,1,1]], bs: [[0,0,0,1],[0,0,1,0],[0,1,0,0],[1,0,0,1]]},
{as: [[0,0,1,1],[0,1,0,1],[1,0,1,1],[1,1,1,0],[1,1,1,1]], bs: [[0,0,0,1],[0,0,1,0],[0,1,0,0],[1,0,1,0]]},
{as: [[0,0,1,1],[0,1,0,1],[1,0,1,1],[1,1,1,0],[1,1,1,1]], bs: [[0,0,0,1],[0,0,1,0],[0,1,0,0],[1,1,0,0]]},
{as: [[0,0,1,1],[0,1,0,1],[1,0,1,1],[1,1,1,0],[1,1,1,1]], bs: [[0,0,0,1],[0,0,1,0],[0,1,0,0],[1,1,0,1]]},
{as: [[0,0,1,1],[0,1,0,1],[1,0,1,1],[1,1,1,0],[1,1,1,1]], bs: [[0,0,0,1],[0,0,1,0],[0,1,1,0],[1,0,0,0]]},
{as: [[0,0,1,1],[0,1,0,1],[1,0,1,1],[1,1,1,0],[1,1,1,1]], bs: [[0,0,0,1],[0,0,1,0],[0,1,1,0],[1,0,0,1]]},
{as: [[0,0,1,1],[0,1,0,1],[1,0,1,1],[1,1,1,0],[1,1,1,1]], bs: [[0,0,0,1],[0,0,1,0],[0,1,1,0],[1,1,0,0]]},
{as: [[0,0,1,1],[0,1,0,1],[1,0,1,1],[1,1,1,0],[1,1,1,1]], bs: [[0,0,0,1],[0,0,1,0],[1,0,0,0],[1,0,0,1]]},
{as: [[0,0,1,1],[0,1,0,1],[1,0,1,1],[1,1,1,0],[1,1,1,1]], bs: [[0,0,0,1],[0,0,1,0],[1,0,0,0],[1,0,1,0]]},
{as: [[0,0,1,1],[0,1,0,1],[1,0,1,1],[1,1,1,0],[1,1,1,1]], bs: [[0,0,0,1],[0,0,1,0],[1,0,0,0],[1,1,0,0]]},
{as: [[0,0,1,1],[0,1,0,1],[1,0,1,1],[1,1,1,0],[1,1,1,1]], bs: [[0,0,0,1],[0,0,1,0],[1,0,0,0],[1,1,0,1]]},
{as: [[0,0,1,1],[0,1,0,1],[1,0,1,1],[1,1,1,0],[1,1,1,1]], bs: [[0,0,0,1],[0,0,1,0],[1,0,0,1],[1,0,1,0]]},
{as: [[0,0,1,1],[0,1,0,1],[1,0,1,1],[1,1,1,0],[1,1,1,1]], bs: [[0,0,0,1],[0,0,1,0],[1,0,0,1],[1,1,0,0]]},
{as: [[0,0,1,1],[0,1,0,1],[1,0,1,1],[1,1,1,0],[1,1,1,1]], bs: [[0,0,0,1],[0,0,1,0],[1,0,1,0],[1,1,0,0]]},
{as: [[0,0,1,1],[0,1,0,1],[1,0,1,1],[1,1,1,0],[1,1,1,1]], bs: [[0,0,0,1],[0,0,1,0],[1,0,1,0],[1,1,0,1]]},
{as: [[0,0,1,1],[0,1,0,1],[1,0,1,1],[1,1,1,0],[1,1,1,1]], bs: [[0,0,0,1],[0,0,1,0],[1,1,0,0],[1,1,0,1]]},
{as: [[0,0,1,1],[0,1,0,1],[1,0,1,1],[1,1,1,0],[1,1,1,1]], bs: [[0,0,0,1],[0,1,0,0],[0,1,1,0],[1,0,0,0]]},
{as: [[0,0,1,1],[0,1,0,1],[1,0,1,1],[1,1,1,0],[1,1,1,1]], bs: [[0,0,0,1],[0,1,0,0],[0,1,1,0],[1,0,0,1]]},
{as: [[0,0,1,1],[0,1,0,1],[1,0,1,1],[1,1,1,0],[1,1,1,1]], bs: [[0,0,0,1],[0,1,0,0],[0,1,1,0],[1,0,1,0]]},
{as: [[0,0,1,1],[0,1,0,1],[1,0,1,1],[1,1,1,0],[1,1,1,1]], bs: [[0,0,0,1],[0,1,0,0],[1,0,0,0],[1,0,0,1]]},
{as: [[0,0,1,1],[0,1,0,1],[1,0,1,1],[1,1,1,0],[1,1,1,1]], bs: [[0,0,0,1],[0,1,0,0],[1,0,0,0],[1,0,1,0]]},
{as: [[0,0,1,1],[0,1,0,1],[1,0,1,1],[1,1,1,0],[1,1,1,1]], bs: [[0,0,0,1],[0,1,0,0],[1,0,0,0],[1,1,0,0]]},
{as: [[0,0,1,1],[0,1,0,1],[1,0,1,1],[1,1,1,0],[1,1,1,1]], bs: [[0,0,0,1],[0,1,0,0],[1,0,0,0],[1,1,0,1]]},
{as: [[0,0,1,1],[0,1,0,1],[1,0,1,1],[1,1,1,0],[1,1,1,1]], bs: [[0,0,0,1],[0,1,0,0],[1,0,0,1],[1,0,1,0]]},
{as: [[0,0,1,1],[0,1,0,1],[1,0,1,1],[1,1,1,0],[1,1,1,1]], bs: [[0,0,0,1],[0,1,0,0],[1,0,0,1],[1,1,0,0]]},
{as: [[0,0,1,1],[0,1,0,1],[1,0,1,1],[1,1,1,0],[1,1,1,1]], bs: [[0,0,0,1],[0,1,0,0],[1,0,1,0],[1,1,0,0]]},
{as: [[0,0,1,1],[0,1,0,1],[1,0,1,1],[1,1,1,0],[1,1,1,1]], bs: [[0,0,0,1],[0,1,0,0],[1,0,1,0],[1,1,0,1]]},
{as: [[0,0,1,1],[0,1,0,1],[1,0,1,1],[1,1,1,0],[1,1,1,1]], bs: [[0,0,0,1],[0,1,1,0],[1,0,0,0],[1,0,0,1]]},
{as: [[0,0,1,1],[0,1,0,1],[1,0,1,1],[1,1,1,0],[1,1,1,1]], bs: [[0,0,0,1],[0,1,1,0],[1,0,0,0],[1,0,1,0]]},
{as: [[0,0,1,1],[0,1,0,1],[1,0,1,1],[1,1,1,0],[1,1,1,1]], bs: [[0,0,0,1],[0,1,1,0],[1,0,0,0],[1,1,0,0]]},
{as: [[0,0,1,1],[0,1,0,1],[1,0,1,1],[1,1,1,0],[1,1,1,1]], bs: [[0,0,0,1],[0,1,1,0],[1,0,0,1],[1,0,1,0]]},
{as: [[0,0,1,1],[0,1,0,1],[1,0,1,1],[1,1,1,0],[1,1,1,1]], bs: [[0,0,0,1],[0,1,1,0],[1,0,0,1],[1,1,0,0]]},
{as: [[0,0,1,1],[0,1,0,1],[1,0,1,1],[1,1,1,0],[1,1,1,1]], bs: [[0,0,0,1],[0,1,1,0],[1,0,1,0],[1,1,0,0]]},
{as: [[0,0,1,1],[0,1,0,1],[1,0,1,1],[1,1,1,0],[1,1,1,1]], bs: [[0,0,1,0],[0,1,0,0],[0,1,1,0],[1,0,0,0]]},
{as: [[0,0,1,1],[0,1,0,1],[1,0,1,1],[1,1,1,0],[1,1,1,1]], bs: [[0,0,1,0],[0,1,0,0],[0,1,1,0],[1,0,0,1]]},
{as: [[0,0,1,1],[0,1,0,1],[1,0,1,1],[1,1,1,0],[1,1,1,1]], bs: [[0,0,1,0],[0,1,0,0],[1,0,0,0],[1,0,0,1]]},
{as: [[0,0,1,1],[0,1,0,1],[1,0,1,1],[1,1,1,0],[1,1,1,1]], bs: [[0,0,1,0],[0,1,0,0],[1,0,0,0],[1,0,1,0]]},
{as: [[0,0,1,1],[0,1,0,1],[1,0,1,1],[1,1,1,0],[1,1,1,1]], bs: [[0,0,1,0],[0,1,0,0],[1,0,0,0],[1,1,0,0]]},
{as: [[0,0,1,1],[0,1,0,1],[1,0,1,1],[1,1,1,0],[1,1,1,1]], bs: [[0,0,1,0],[0,1,0,0],[1,0,0,0],[1,1,0,1]]},
{as: [[0,0,1,1],[0,1,0,1],[1,0,1,1],[1,1,1,0],[1,1,1,1]], bs: [[0,0,1,0],[0,1,0,0],[1,0,0,1],[1,0,1,0]]},
{as: [[0,0,1,1],[0,1,0,1],[1,0,1,1],[1,1,1,0],[1,1,1,1]], bs: [[0,0,1,0],[0,1,0,0],[1,0,0,1],[1,1,0,0]]},
{as: [[0,0,1,1],[0,1,0,1],[1,0,1,1],[1,1,1,0],[1,1,1,1]], bs: [[0,0,1,0],[0,1,0,0],[1,0,0,1],[1,1,0,1]]},
{as: [[0,0,1,1],[0,1,0,1],[1,0,1,1],[1,1,1,0],[1,1,1,1]], bs: [[0,0,1,0],[0,1,0,0],[1,0,1,0],[1,1,0,0]]},
{as: [[0,0,1,1],[0,1,0,1],[1,0,1,1],[1,1,1,0],[1,1,1,1]], bs: [[0,0,1,0],[0,1,0,0],[1,0,1,0],[1,1,0,1]]},
{as: [[0,0,1,1],[0,1,0,1],[1,0,1,1],[1,1,1,0],[1,1,1,1]], bs: [[0,0,1,0],[0,1,1,0],[1,0,0,0],[1,0,0,1]]},
{as: [[0,0,1,1],[0,1,0,1],[1,0,1,1],[1,1,1,0],[1,1,1,1]], bs: [[0,0,1,0],[0,1,1,0],[1,0,0,0],[1,1,0,0]]},
{as: [[0,0,1,1],[0,1,0,1],[1,0,1,1],[1,1,1,0],[1,1,1,1]], bs: [[0,0,1,0],[0,1,1,0],[1,0,0,1],[1,1,0,0]]},
{as: [[0,0,1,1],[0,1,0,1],[1,0,1,1],[1,1,1,0],[1,1,1,1]], bs: [[0,1,0,0],[0,1,1,0],[1,0,0,0],[1,0,0,1]]},
{as: [[0,0,1,1],[0,1,0,1],[1,0,1,1],[1,1,1,0],[1,1,1,1]], bs: [[0,1,0,0],[0,1,1,0],[1,0,0,0],[1,0,1,0]]},
{as: [[0,0,1,1],[0,1,0,1],[1,0,1,1],[1,1,1,0],[1,1,1,1]], bs: [[0,1,0,0],[0,1,1,0],[1,0,0,1],[1,0,1,0]]},
{as: [[0,0,1,1],[0,1,1,1],[1,0,1,1],[1,1,0,0],[1,1,0,1]], bs: [[0,0,0,0],[0,0,0,1],[0,0,1,0],[0,1,0,0]]},
{as: [[0,0,1,1],[0,1,1,1],[1,0,1,1],[1,1,0,0],[1,1,0,1]], bs: [[0,0,0,0],[0,0,0,1],[0,0,1,0],[0,1,0,1]]},
{as: [[0,0,1,1],[0,1,1,1],[1,0,1,1],[1,1,0,0],[1,1,0,1]], bs: [[0,0,0,0],[0,0,0,1],[0,0,1,0],[0,1,1,0]]},
{as: [[0,0,1,1],[0,1,1,1],[1,0,1,1],[1,1,0,0],[1,1,0,1]], bs: [[0,0,0,0],[0,0,0,1],[0,1,0,0],[0,1,0,1]]},
{as: [[0,0,1,1],[0,1,1,1],[1,0,1,1],[1,1,0,0],[1,1,0,1]], bs: [[0,0,0,0],[0,0,0,1],[0,1,0,0],[0,1,1,0]]},
{as: [[0,0,1,1],[0,1,1,1],[1,0,1,1],[1,1,0,0],[1,1,0,1]], bs: [[0,0,0,0],[0,0,0,1],[0,1,0,0],[1,0,0,0]]},
{as: [[0,0,1,1],[0,1,1,1],[1,0,1,1],[1,1,0,0],[1,1,0,1]], bs: [[0,0,0,0],[0,0,0,1],[0,1,0,0],[1,0,0,1]]},
{as: [[0,0,1,1],[0,1,1,1],[1,0,1,1],[1,1,0,0],[1,1,0,1]], bs: [[0,0,0,0],[0,0,0,1],[0,1,0,0],[1,0,1,0]]},
{as: [[0,0,1,1],[0,1,1,1],[1,0,1,1],[1,1,0,0],[1,1,0,1]], bs: [[0,0,0,0],[0,0,0,1],[0,1,0,1],[0,1,1,0]]},
{as: [[0,0,1,1],[0,1,1,1],[1,0,1,1],[1,1,0,0],[1,1,0,1]], bs: [[0,0,0,0],[0,0,0,1],[0,1,1,0],[1,0,1,0]]},
{as: [[0,0,1,1],[0,1,1,1],[1,0,1,1],[1,1,0,0],[1,1,0,1]], bs: [[0,0,0,0],[0,0,1,0],[0,1,0,0],[0,1,0,1]]},
{as: [[0,0,1,1],[0,1,1,1],[1,0,1,1],[1,1,0,0],[1,1,0,1]], bs: [[0,0,0,0],[0,0,1,0],[0,1,0,0],[0,1,1,0]]},
{as: [[0,0,1,1],[0,1,1,1],[1,0,1,1],[1,1,0,0],[1,1,0,1]], bs: [[0,0,0,0],[0,0,1,0],[0,1,0,0],[1,0,0,0]]},
{as: [[0,0,1,1],[0,1,1,1],[1,0,1,1],[1,1,0,0],[1,1,0,1]], bs: [[0,0,0,0],[0,0,1,0],[0,1,0,0],[1,0,0,1]]},
{as: [[0,0,1,1],[0,1,1,1],[1,0,1,1],[1,1,0,0],[1,1,0,1]], bs: [[0,0,0,0],[0,0,1,0],[0,1,0,0],[1,0,1,0]]},
{as: [[0,0,1,1],[0,1,1,1],[1,0,1,1],[1,1,0,0],[1,1,0,1]], bs: [[0,0,0,0],[0,0,1,0],[0,1,0,0],[1,1,1,0]]},
{as: [[0,0,1,1],[0,1,1,1],[1,0,1,1],[1,1,0,0],[1,1,0,1]], bs: [[0,0,0,0],[0,0,1,0],[0,1,0,1],[0,1,1,0]]},
{as: [[0,0,1,1],[0,1,1,1],[1,0,1,1],[1,1,0,0],[1,1,0,1]], bs: [[0,0,0,0],[0,0,1,0],[0,1,0,1],[1,0,0,1]]},
{as: [[0,0,1,1],[0,1,1,1],[1,0,1,1],[1,1,0,0],[1,1,0,1]], bs: [[0,0,0,0],[0,1,0,0],[0,1,0,1],[1,0,0,0]]},
{as: [[0,0,1,1],[0,1,1,1],[1,0,1,1],[1,1,0,0],[1,1,0,1]], bs: [[0,0,0,0],[0,1,0,0],[0,1,0,1],[1,0,0,1]]},
{as: [[0,0,1,1],[0,1,1,1],[1,0,1,1],[1,1,0,0],[1,1,0,1]], bs: [[0,0,0,0],[0,1,0,0],[0,1,1,0],[1,0,0,0]]},
{as: [[0,0,1,1],[0,1,1,1],[1,0,1,1],[1,1,0,0],[1,1,0,1]], bs: [[0,0,0,0],[0,1,0,0],[0,1,1,0],[1,0,1,0]]},
{as: [[0,0,1,1],[0,1,1,1],[1,0,1,1],[1,1,0,0],[1,1,0,1]], bs: [[0,0,0,0],[0,1,0,0],[1,0,0,0],[1,1,1,0]]},
{as: [[0,0,1,1],[0,1,1,1],[1,0,1,1],[1,1,0,0],[1,1,0,1]], bs: [[0,0,0,0],[0,1,0,0],[1,0,0,1],[1,0,1,0]]},
{as: [[0,0,1,1],[0,1,1,1],[1,0,1,1],[1,1,0,0],[1,1,0,1]], bs: [[0,0,0,0],[0,1,0,0],[1,0,1,0],[1,1,1,0]]},
{as: [[0,0,1,1],[0,1,1,1],[1,0,1,1],[1,1,0,0],[1,1,0,1]], bs: [[0,0,0,1],[0,0,1,0],[0,1,0,0],[0,1,0,1]]},
{as: [[0,0,1,1],[0,1,1,1],[1,0,1,1],[1,1,0,0],[1,1,0,1]], bs: [[0,0,0,1],[0,0,1,0],[0,1,0,0],[0,1,1,0]]},
{as: [[0,0,1,1],[0,1,1,1],[1,0,1,1],[1,1,0,0],[1,1,0,1]], bs: [[0,0,0,1],[0,0,1,0],[0,1,0,0],[1,0,0,0]]},
{as: [[0,0,1,1],[0,1,1,1],[1,0,1,1],[1,1,0,0],[1,1,0,1]], bs: [[0,0,0,1],[0,0,1,0],[0,1,0,0],[1,0,0,1]]},
{as: [[0,0,1,1],[0,1,1,1],[1,0,1,1],[1,1,0,0],[1,1,0,1]], bs: [[0,0,0,1],[0,0,1,0],[0,1,0,0],[1,0,1,0]]},
{as: [[0,0,1,1],[0,1,1,1],[1,0,1,1],[1,1,0,0],[1,1,0,1]], bs: [[0,0,0,1],[0,0,1,0],[0,1,0,1],[0,1,1,0]]},
{as: [[0,0,1,1],[0,1,1,1],[1,0,1,1],[1,1,0,0],[1,1,0,1]], bs: [[0,0,0,1],[0,1,0,0],[0,1,0,1],[1,0,0,0]]},
{as: [[0,0,1,1],[0,1,1,1],[1,0,1,1],[1,1,0,0],[1,1,0,1]], bs: [[0,0,0,1],[0,1,0,0],[0,1,1,0],[1,0,0,0]]},
{as: [[0,0,1,1],[0,1,1,1],[1,0,1,1],[1,1,0,0],[1,1,0,1]], bs: [[0,0,0,1],[0,1,0,0],[0,1,1,0],[1,0,1,0]]},
{as: [[0,0,1,1],[0,1,1,1],[1,0,1,1],[1,1,0,0],[1,1,0,1]], bs: [[0,0,0,1],[0,1,0,0],[1,0,0,1],[1,0,1,0]]},
{as: [[0,0,1,1],[0,1,1,1],[1,0,1,1],[1,1,0,0],[1,1,0,1]], bs: [[0,0,1,0],[0,1,0,0],[0,1,0,1],[1,0,0,0]]},
{as: [[0,0,1,1],[0,1,1,1],[1,0,1,1],[1,1,0,0],[1,1,0,1]], bs: [[0,0,1,0],[0,1,0,0],[0,1,0,1],[1,0,0,1]]},
{as: [[0,0,1,1],[0,1,1,1],[1,0,1,1],[1,1,0,0],[1,1,0,1]], bs: [[0,0,1,0],[0,1,0,0],[0,1,1,0],[1,0,0,0]]},
{as: [[0,0,1,1],[0,1,1,1],[1,0,1,1],[1,1,0,0],[1,1,0,1]], bs: [[0,0,1,0],[0,1,0,0],[1,0,0,0],[1,1,1,0]]},
{as: [[0,0,1,1],[0,1,1,1],[1,0,1,1],[1,1,0,0],[1,1,0,1]], bs: [[0,0,1,0],[0,1,0,0],[1,0,0,1],[1,0,1,0]]},
{as: [[0,0,1,1],[0,1,1,1],[1,0,1,1],[1,1,0,0],[1,1,0,1]], bs: [[0,1,0,0],[0,1,0,1],[1,0,0,0],[1,0,0,1]]},
{as: [[0,0,1,1],[0,1,1,1],[1,0,1,1],[1,1,0,0],[1,1,0,1]], bs: [[0,1,0,0],[0,1,1,0],[1,0,0,0],[1,0,1,0]]},
{as: [[0,0,1,1],[0,1,1,1],[1,0,1,1],[1,1,0,0],[1,1,1,1]], bs: [[0,0,0,0],[0,0,0,1],[0,0,1,0],[0,1,0,0]]},
{as: [[0,0,1,1],[0,1,1,1],[1,0,1,1],[1,1,0,0],[1,1,1,1]], bs: [[0,0,0,0],[0,0,0,1],[0,0,1,0],[0,1,0,1]]},
{as: [[0,0,1,1],[0,1,1,1],[1,0,1,1],[1,1,0,0],[1,1,1,1]], bs: [[0,0,0,0],[0,0,0,1],[0,1,0,0],[0,1,0,1]]},
{as: [[0,0,1,1],[0,1,1,1],[1,0,1,1],[1,1,0,0],[1,1,1,1]], bs: [[0,0,0,0],[0,0,0,1],[0,1,0,0],[0,1,1,0]]},
{as: [[0,0,1,1],[0,1,1,1],[1,0,1,1],[1,1,0,0],[1,1,1,1]], bs: [[0,0,0,0],[0,0,0,1],[0,1,0,0],[1,0,0,0]]},
{as: [[0,0,1,1],[0,1,1,1],[1,0,1,1],[1,1,0,0],[1,1,1,1]], bs: [[0,0,0,0],[0,0,0,1],[0,1,0,0],[1,0,0,1]]},
{as: [[0,0,1,1],[0,1,1,1],[1,0,1,1],[1,1,0,0],[1,1,1,1]], bs: [[0,0,0,0],[0,0,0,1],[0,1,0,0],[1,0,1,0]]},
{as: [[0,0,1,1],[0,1,1,1],[1,0,1,1],[1,1,0,0],[1,1,1,1]], bs: [[0,0,0,0],[0,0,0,1],[0,1,0,0],[1,1,0,1]]},
{as: [[0,0,1,1],[0,1,1,1],[1,0,1,1],[1,1,0,0],[1,1,1,1]], bs: [[0,0,0,0],[0,0,0,1],[0,1,0,1],[0,1,1,0]]},
{as: [[0,0,1,1],[0,1,1,1],[1,0,1,1],[1,1,0,0],[1,1,1,1]], bs: [[0,0,0,0],[0,0,0,1],[0,1,1,0],[1,0,1,0]]},
{as: [[0,0,1,1],[0,1,1,1],[1,0,1,1],[1,1,0,0],[1,1,1,1]], bs: [[0,0,0,0],[0,1,0,0],[0,1,0,1],[1,0,0,0]]},
{as: [[0,0,1,1],[0,1,1,1],[1,0,1,1],[1,1,0,0],[1,1,1,1]], bs: [[0,0,0,0],[0,1,0,0],[0,1,0,1],[1,0,0,1]]},
{as: [[0,0,1,1],[0,1,1,1],[1,0,1,1],[1,1,0,0],[1,1,1,1]], bs: [[0,0,0,0],[0,1,0,0],[1,0,0,0],[1,1,0,1]]},
{as: [[0,0,1,1],[0,1,1,1],[1,0,1,1],[1,1,0,0],[1,1,1,1]], bs: [[0,0,0,0],[0,1,0,0],[1,0,0,1],[1,0,1,0]]},
{as: [[0,0,1,1],[0,1,1,1],[1,0,1,1],[1,1,0,0],[1,1,1,1]], bs: [[0,0,0,0],[0,1,0,0],[1,0,0,1],[1,1,0,1]]},
{as: [[0,0,1,1],[0,1,1,1],[1,0,1,1],[1,1,0,0],[1,1,1,1]], bs: [[0,0,0,1],[0,0,1,0],[0,1,0,0],[0,1,0,1]]},
{as: [[0,0,1,1],[0,1,1,1],[1,0,1,1],[1,1,0,0],[1,1,1,1]], bs: [[0,0,0,1],[0,0,1,0],[0,1,0,0],[1,0,0,0]]},
{as: [[0,0,1,1],[0,1,1,1],[1,0,1,1],[1,1,0,0],[1,1,1,1]], bs: [[0,0,0,1],[0,0,1,0],[0,1,0,0],[1,0,0,1]]},
{as: [[0,0,1,1],[0,1,1,1],[1,0,1,1],[1,1,0,0],[1,1,1,1]], bs: [[0,0,0,1],[0,0,1,0],[0,1,0,1],[0,1,1,0]]},
{as: [[0,0,1,1],[0,1,1,1],[1,0,1,1],[1,1,0,0],[1,1,1,1]], bs: [[0,0,0,1],[0,1,0,0],[0,1,0,1],[1,0,0,0]]},
{as: [[0,0,1,1],[0,1,1,1],[1,0,1,1],[1,1,0,0],[1,1,1,1]], bs: [[0,0,0,1],[0,1,0,0],[0,1,1,0],[1,0,0,0]]},
{as: [[0,0,1,1],[0,1,1,1],[1,0,1,1],[1,1,0,0],[1,1,1,1]], bs: [[0,0,0,1],[0,1,0,0],[0,1,1,0],[1,0,1,0]]},
{as: [[0,0,1,1],[0,1,1,1],[1,0,1,1],[1,1,0,0],[1,1,1,1]], bs: [[0,0,0,1],[0,1,0,0],[1,0,0,0],[1,1,0,1]]},
{as: [[0,0,1,1],[0,1,1,1],[1,0,1,1],[1,1,0,0],[1,1,1,1]], bs: [[0,0,0,1],[0,1,0,0],[1,0,0,1],[1,0,1,0]]},
{as: [[0,0,1,1],[0,1,1,1],[1,0,1,1],[1,1,0,0],[1,1,1,1]], bs: [[0,1,0,0],[0,1,0,1],[1,0,0,0],[1,0,0,1]]},
{as: [[0,0,1,1],[0,1,1,1],[1,0,1,1],[1,1,0,1],[1,1,1,0]], bs: [[0,0,0,0],[0,0,0,1],[0,0,1,0],[0,1,0,0]]},
{as: [[0,0,1,1],[0,1,1,1],[1,0,1,1],[1,1,0,1],[1,1,1,0]], bs: [[0,0,0,0],[0,0,0,1],[0,0,1,0],[0,1,0,1]]},
{as: [[0,0,1,1],[0,1,1,1],[1,0,1,1],[1,1,0,1],[1,1,1,0]], bs: [[0,0,0,0],[0,0,0,1],[0,0,1,0],[1,1,0,0]]},
{as: [[0,0,1,1],[0,1,1,1],[1,0,1,1],[1,1,0,1],[1,1,1,0]], bs: [[0,0,0,0],[0,0,0,1],[0,1,0,0],[0,1,0,1]]},
{as: [[0,0,1,1],[0,1,1,1],[1,0,1,1],[1,1,0,1],[1,1,1,0]], bs: [[0,0,0,0],[0,0,0,1],[0,1,0,0],[0,1,1,0]]},
{as: [[0,0,1,1],[0,1,1,1],[1,0,1,1],[1,1,0,1],[1,1,1,0]], bs: [[0,0,0,0],[0,0,0,1],[0,1,0,0],[1,0,0,0]]},
{as: [[0,0,1,1],[0,1,1,1],[1,0,1,1],[1,1,0,1],[1,1,1,0]], bs: [[0,0,0,0],[0,0,0,1],[0,1,0,0],[1,0,0,1]]},
{as: [[0,0,1,1],[0,1,1,1],[1,0,1,1],[1,1,0,1],[1,1,1,0]], bs: [[0,0,0,0],[0,0,0,1],[0,1,0,0],[1,0,1,0]]},
{as: [[0,0,1,1],[0,1,1,1],[1,0,1,1],[1,1,0,1],[1,1,1,0]], bs: [[0,0,0,0],[0,0,0,1],[0,1,0,0],[1,1,0,0]]},
{as: [[0,0,1,1],[0,1,1,1],[1,0,1,1],[1,1,0,1],[1,1,1,0]], bs: [[0,0,0,0],[0,0,0,1],[0,1,0,1],[0,1,1,0]]},
{as: [[0,0,1,1],[0,1,1,1],[1,0,1,1],[1,1,0,1],[1,1,1,0]], bs: [[0,0,0,0],[0,0,0,1],[0,1,0,1],[1,0,1,0]]},
{as: [[0,0,1,1],[0,1,1,1],[1,0,1,1],[1,1,0,1],[1,1,1,0]], bs: [[0,0,0,0],[0,0,0,1],[0,1,0,1],[1,1,0,0]]},
{as: [[0,0,1,1],[0,1,1,1],[1,0,1,1],[1,1,0,1],[1,1,1,0]], bs: [[0,0,0,0],[0,0,0,1],[0,1,1,0],[1,0,1,0]]},
{as: [[0,0,1,1],[0,1,1,1],[1,0,1,1],[1,1,0,1],[1,1,1,0]], bs: [[0,0,0,0],[0,0,0,1],[0,1,1,0],[1,1,0,0]]},
{as: [[0,0,1,1],[0,1,1,1],[1,0,1,1],[1,1,0,1],[1,1,1,0]], bs: [[0,0,0,0],[0,1,0,0],[0,1,0,1],[1,0,0,0]]},
{as: [[0,0,1,1],[0,1,1,1],[1,0,1,1],[1,1,0,1],[1,1,1,0]], bs: [[0,0,0,0],[0,1,0,0],[0,1,0,1],[1,0,0,1]]},
{as: [[0,0,1,1],[0,1,1,1],[1,0,1,1],[1,1,0,1],[1,1,1,0]], bs: [[0,0,0,0],[0,1,0,0],[0,1,0,1],[1,0,1,0]]},
{as: [[0,0,1,1],[0,1,1,1],[1,0,1,1],[1,1,0,1],[1,1,1,0]], bs: [[0,0,0,0],[0,1,0,0],[1,0,0,0],[1,1,0,0]]},
{as: [[0,0,1,1],[0,1,1,1],[1,0,1,1],[1,1,0,1],[1,1,1,0]], bs: [[0,0,0,0],[0,1,0,0],[1,0,0,1],[1,0,1,0]]},
{as: [[0,0,1,1],[0,1,1,1],[1,0,1,1],[1,1,0,1],[1,1,1,0]], bs: [[0,0,0,0],[0,1,0,0],[1,0,0,1],[1,1,0,0]]},
{as: [[0,0,1,1],[0,1,1,1],[1,0,1,1],[1,1,0,1],[1,1,1,0]], bs: [[0,0,0,0],[0,1,0,1],[0,1,1,0],[1,0,0,1]]},
{as: [[0,0,1,1],[0,1,1,1],[1,0,1,1],[1,1,0,1],[1,1,1,0]], bs: [[0,0,0,0],[0,1,0,1],[1,0,0,1],[1,1,0,0]]},
{as: [[0,0,1,1],[0,1,1,1],[1,0,1,1],[1,1,0,1],[1,1,1,0]], bs: [[0,0,0,0],[0,1,0,1],[1,0,1,0],[1,1,0,0]]},
{as: [[0,0,1,1],[0,1,1,1],[1,0,1,1],[1,1,0,1],[1,1,1,0]], bs: [[0,0,0,1],[0,0,1,0],[0,1,0,0],[0,1,0,1]]},
{as: [[0,0,1,1],[0,1,1,1],[1,0,1,1],[1,1,0,1],[1,1,1,0]], bs: [[0,0,0,1],[0,0,1,0],[0,1,0,0],[1,0,0,0]]},
{as: [[0,0,1,1],[0,1,1,1],[1,0,1,1],[1,1,0,1],[1,1,1,0]], bs: [[0,0,0,1],[0,0,1,0],[0,1,0,0],[1,0,0,1]]},
{as: [[0,0,1,1],[0,1,1,1],[1,0,1,1],[1,1,0,1],[1,1,1,0]], bs: [[0,0,0,1],[0,0,1,0],[0,1,0,0],[1,1,0,0]]},
{as: [[0,0,1,1],[0,1,1,1],[1,0,1,1],[1,1,0,1],[1,1,1,0]], bs: [[0,0,0,1],[0,0,1,0],[0,1,0,1],[0,1,1,0]]},
{as: [[0,0,1,1],[0,1,1,1],[1,0,1,1],[1,1,0,1],[1,1,1,0]], bs: [[0,0,0,1],[0,0,1,0],[0,1,0,1],[1,0,1,0]]},
{as: [[0,0,1,1],[0,1,1,1],[1,0,1,1],[1,1,0,1],[1,1,1,0]], bs: [[0,0,0,1],[0,0,1,0],[0,1,0,1],[1,1,0,0]]},
{as: [[0,0,1,1],[0,1,1,1],[1,0,1,1],[1,1,0,1],[1,1,1,0]], bs: [[0,0,0,1],[0,1,0,0],[0,1,0,1],[1,0,0,0]]},
{as: [[0,0,1,1],[0,1,1,1],[1,0,1,1],[1,1,0,1],[1,1,1,0]], bs: [[0,0,0,1],[0,1,0,0],[0,1,0,1],[1,0,1,0]]},
{as: [[0,0,1,1],[0,1,1,1],[1,0,1,1],[1,1,0,1],[1,1,1,0]], bs: [[0,0,0,1],[0,1,0,0],[0,1,1,0],[1,0,0,0]]},
{as: [[0,0,1,1],[0,1,1,1],[1,0,1,1],[1,1,0,1],[1,1,1,0]], bs: [[0,0,0,1],[0,1,0,0],[0,1,1,0],[1,0,0,1]]},
{as: [[0,0,1,1],[0,1,1,1],[1,0,1,1],[1,1,0,1],[1,1,1,0]], bs: [[0,0,0,1],[0,1,0,0],[0,1,1,0],[1,0,1,0]]},
{as: [[0,0,1,1],[0,1,1,1],[1,0,1,1],[1,1,0,1],[1,1,1,0]], bs: [[0,0,0,1],[0,1,0,0],[1,0,0,0],[1,1,0,0]]},
{as: [[0,0,1,1],[0,1,1,1],[1,0,1,1],[1,1,0,1],[1,1,1,0]], bs: [[0,0,0,1],[0,1,0,0],[1,0,0,1],[1,0,1,0]]},
{as: [[0,0,1,1],[0,1,1,1],[1,0,1,1],[1,1,0,1],[1,1,1,0]], bs: [[0,0,0,1],[0,1,0,0],[1,0,0,1],[1,1,0,0]]},
{as: [[0,0,1,1],[0,1,1,1],[1,0,1,1],[1,1,0,1],[1,1,1,0]], bs: [[0,0,0,1],[0,1,0,0],[1,0,1,0],[1,1,0,0]]},
{as: [[0,0,1,1],[0,1,1,1],[1,0,1,1],[1,1,0,1],[1,1,1,0]], bs: [[0,0,0,1],[0,1,0,1],[0,1,1,0],[1,0,1,0]]},
{as: [[0,0,1,1],[0,1,1,1],[1,0,1,1],[1,1,0,1],[1,1,1,0]], bs: [[0,0,0,1],[0,1,0,1],[1,0,1,0],[1,1,0,0]]},
{as: [[0,0,1,1],[0,1,1,1],[1,0,1,1],[1,1,0,1],[1,1,1,0]], bs: [[0,0,0,1],[0,1,1,0],[1,0,1,0],[1,1,0,0]]},
{as: [[0,0,1,1],[0,1,1,1],[1,0,1,1],[1,1,0,1],[1,1,1,0]], bs: [[0,1,0,0],[0,1,0,1],[1,0,0,0],[1,0,0,1]]},
{as: [[0,0,1,1],[0,1,1,1],[1,0,1,1],[1,1,0,1],[1,1,1,0]], bs: [[0,1,0,0],[0,1,0,1],[1,0,0,0],[1,0,1,0]]},
{as: [[0,0,1,1],[0,1,1,1],[1,0,1,1],[1,1,0,1],[1,1,1,0]], bs: [[0,1,0,0],[0,1,0,1],[1,0,0,1],[1,0,1,0]]},
{as: [[0,0,1,1],[0,1,1,1],[1,0,1,1],[1,1,0,1],[1,1,1,0]], bs: [[0,1,0,1],[0,1,1,0],[1,0,0,1],[1,0,1,0]]},
{as: [[0,0,1,1],[0,1,1,1],[1,0,1,1],[1,1,0,1],[1,1,1,1]], bs: [[0,0,0,0],[0,0,0,1],[0,0,1,0],[0,1,0,0]]},
{as: [[0,0,1,1],[0,1,1,1],[1,0,1,1],[1,1,0,1],[1,1,1,1]], bs: [[0,0,0,0],[0,0,0,1],[0,0,1,0],[0,1,0,1]]},
{as: [[0,0,1,1],[0,1,1,1],[1,0,1,1],[1,1,0,1],[1,1,1,1]], bs: [[0,0,0,0],[0,0,0,1],[0,0,1,0],[0,1,1,0]]},
{as: [[0,0,1,1],[0,1,1,1],[1,0,1,1],[1,1,0,1],[1,1,1,1]], bs: [[0,0,0,0],[0,0,0,1],[0,0,1,0],[1,1,0,0]]},
{as: [[0,0,1,1],[0,1,1,1],[1,0,1,1],[1,1,0,1],[1,1,1,1]], bs: [[0,0,0,0],[0,0,0,1],[0,0,1,0],[1,1,1,0]]},
{as: [[0,0,1,1],[0,1,1,1],[1,0,1,1],[1,1,0,1],[1,1,1,1]], bs: [[0,0,0,0],[0,0,0,1],[0,1,0,0],[0,1,0,1]]},
{as: [[0,0,1,1],[0,1,1,1],[1,0,1,1],[1,1,0,1],[1,1,1,1]], bs: [[0,0,0,0],[0,0,0,1],[0,1,0,0],[0,1,1,0]]},
{as: [[0,0,1,1],[0,1,1,1],[1,0,1,1],[1,1,0,1],[1,1,1,1]], bs: [[0,0,0,0],[0,0,0,1],[0,1,0,0],[1,0,0,0]]},
{as: [[0,0,1,1],[0,1,1,1],[1,0,1,1],[1,1,0,1],[1,1,1,1]], bs: [[0,0,0,0],[0,0,0,1],[0,1,0,0],[1,0,0,1]]},
{as: [[0,0,1,1],[0,1,1,1],[1,0,1,1],[1,1,0,1],[1,1,1,1]], bs: [[0,0,0,0],[0,0,0,1],[0,1,0,0],[1,0,1,0]]},
{as: [[0,0,1,1],[0,1,1,1],[1,0,1,1],[1,1,0,1],[1,1,1,1]], bs: [[0,0,0,0],[0,0,0,1],[0,1,0,0],[1,1,0,0]]},
{as: [[0,0,1,1],[0,1,1,1],[1,0,1,1],[1,1,0,1],[1,1,1,1]], bs: [[0,0,0,0],[0,0,0,1],[0,1,0,0],[1,1,1,0]]},
{as: [[0,0,1,1],[0,1,1,1],[1,0,1,1],[1,1,0,1],[1,1,1,1]], bs: [[0,0,0,0],[0,0,0,1],[0,1,0,1],[0,1,1,0]]},
{as: [[0,0,1,1],[0,1,1,1],[1,0,1,1],[1,1,0,1],[1,1,1,1]], bs: [[0,0,0,0],[0,0,0,1],[0,1,0,1],[1,0,1,0]]},
{as: [[0,0,1,1],[0,1,1,1],[1,0,1,1],[1,1,0,1],[1,1,1,1]], bs: [[0,0,0,0],[0,0,0,1],[0,1,0,1],[1,1,0,0]]},
{as: [[0,0,1,1],[0,1,1,1],[1,0,1,1],[1,1,0,1],[1,1,1,1]], bs: [[0,0,0,0],[0,0,0,1],[0,1,0,1],[1,1,1,0]]},
{as: [[0,0,1,1],[0,1,1,1],[1,0,1,1],[1,1,0,1],[1,1,1,1]], bs: [[0,0,0,0],[0,0,0,1],[0,1,1,0],[1,0,1,0]]},
{as: [[0,0,1,1],[0,1,1,1],[1,0,1,1],[1,1,0,1],[1,1,1,1]], bs: [[0,0,0,0],[0,0,0,1],[0,1,1,0],[1,1,0,0]]},
{as: [[0,0,1,1],[0,1,1,1],[1,0,1,1],[1,1,0,1],[1,1,1,1]], bs: [[0,0,0,0],[0,0,0,1],[0,1,1,0],[1,1,1,0]]},
{as: [[0,0,1,1],[0,1,1,1],[1,0,1,1],[1,1,0,1],[1,1,1,1]], bs: [[0,0,0,0],[0,0,0,1],[1,1,0,0],[1,1,1,0]]},
{as: [[0,0,1,1],[0,1,1,1],[1,0,1,1],[1,1,0,1],[1,1,1,1]], bs: [[0,0,0,0],[0,0,1,0],[0,1,0,0],[0,1,0,1]]},
{as: [[0,0,1,1],[0,1,1,1],[1,0,1,1],[1,1,0,1],[1,1,1,1]], bs: [[0,0,0,0],[0,0,1,0],[0,1,0,0],[0,1,1,0]]},
{as: [[0,0,1,1],[0,1,1,1],[1,0,1,1],[1,1,0,1],[1,1,1,1]], bs: [[0,0,0,0],[0,0,1,0],[0,1,0,0],[1,0,0,0]]},
{as: [[0,0,1,1],[0,1,1,1],[1,0,1,1],[1,1,0,1],[1,1,1,1]], bs: [[0,0,0,0],[0,0,1,0],[0,1,0,0],[1,0,0,1]]},
{as: [[0,0,1,1],[0,1,1,1],[1,0,1,1],[1,1,0,1],[1,1,1,1]], bs: [[0,0,0,0],[0,0,1,0],[0,1,0,0],[1,0,1,0]]},
{as: [[0,0,1,1],[0,1,1,1],[1,0,1,1],[1,1,0,1],[1,1,1,1]], bs: [[0,0,0,0],[0,0,1,0],[0,1,0,0],[1,1,0,0]]},
{as: [[0,0,1,1],[0,1,1,1],[1,0,1,1],[1,1,0,1],[1,1,1,1]], bs: [[0,0,0,0],[0,0,1,0],[0,1,0,0],[1,1,1,0]]},
{as: [[0,0,1,1],[0,1,1,1],[1,0,1,1],[1,1,0,1],[1,1,1,1]], bs: [[0,0,0,0],[0,0,1,0],[0,1,0,1],[0,1,1,0]]},
{as: [[0,0,1,1],[0,1,1,1],[1,0,1,1],[1,1,0,1],[1,1,1,1]], bs: [[0,0,0,0],[0,0,1,0],[0,1,0,1],[1,0,0,1]]},
{as: [[0,0,1,1],[0,1,1,1],[1,0,1,1],[1,1,0,1],[1,1,1,1]], bs: [[0,0,0,0],[0,0,1,0],[0,1,0,1],[1,0,1,0]]},
{as: [[0,0,1,1],[0,1,1,1],[1,0,1,1],[1,1,0,1],[1,1,1,1]], bs: [[0,0,0,0],[0,0,1,0],[0,1,0,1],[1,1,0,0]]},
{as: [[0,0,1,1],[0,1,1,1],[1,0,1,1],[1,1,0,1],[1,1,1,1]], bs: [[0,0,0,0],[0,0,1,0],[0,1,0,1],[1,1,1,0]]},
{as: [[0,0,1,1],[0,1,1,1],[1,0,1,1],[1,1,0,1],[1,1,1,1]], bs: [[0,0,0,0],[0,0,1,0],[0,1,1,0],[1,1,0,0]]},
{as: [[0,0,1,1],[0,1,1,1],[1,0,1,1],[1,1,0,1],[1,1,1,1]], bs: [[0,0,0,0],[0,0,1,0],[1,1,0,0],[1,1,1,0]]},
{as: [[0,0,1,1],[0,1,1,1],[1,0,1,1],[1,1,0,1],[1,1,1,1]], bs: [[0,0,0,0],[0,1,0,0],[0,1,0,1],[1,0,0,0]]},
{as: [[0,0,1,1],[0,1,1,1],[1,0,1,1],[1,1,0,1],[1,1,1,1]], bs: [[0,0,0,0],[0,1,0,0],[0,1,0,1],[1,0,0,1]]},
{as: [[0,0,1,1],[0,1,1,1],[1,0,1,1],[1,1,0,1],[1,1,1,1]], bs: [[0,0,0,0],[0,1,0,0],[0,1,0,1],[1,0,1,0]]},
{as: [[0,0,1,1],[0,1,1,1],[1,0,1,1],[1,1,0,1],[1,1,1,1]], bs: [[0,0,0,0],[0,1,0,0],[0,1,1,0],[1,0,0,0]]},
{as: [[0,0,1,1],[0,1,1,1],[1,0,1,1],[1,1,0,1],[1,1,1,1]], bs: [[0,0,0,0],[0,1,0,0],[0,1,1,0],[1,0,0,1]]},
{as: [[0,0,1,1],[0,1,1,1],[1,0,1,1],[1,1,0,1],[1,1,1,1]], bs: [[0,0,0,0],[0,1,0,0],[0,1,1,0],[1,0,1,0]]},
{as: [[0,0,1,1],[0,1,1,1],[1,0,1,1],[1,1,0,1],[1,1,1,1]], bs: [[0,0,0,0],[0,1,0,0],[1,0,0,0],[1,1,0,0]]},
{as: [[0,0,1,1],[0,1,1,1],[1,0,1,1],[1,1,0,1],[1,1,1,1]], bs: [[0,0,0,0],[0,1,0,0],[1,0,0,0],[1,1,1,0]]},
{as: [[0,0,1,1],[0,1,1,1],[1,0,1,1],[1,1,0,1],[1,1,1,1]], bs: [[0,0,0,0],[0,1,0,0],[1,0,0,1],[1,0,1,0]]},
{as: [[0,0,1,1],[0,1,1,1],[1,0,1,1],[1,1,0,1],[1,1,1,1]], bs: [[0,0,0,0],[0,1,0,0],[1,0,0,1],[1,1,0,0]]},
{as: [[0,0,1,1],[0,1,1,1],[1,0,1,1],[1,1,0,1],[1,1,1,1]], bs: [[0,0,0,0],[0,1,0,0],[1,0,0,1],[1,1,1,0]]},
{as: [[0,0,1,1],[0,1,1,1],[1,0,1,1],[1,1,0,1],[1,1,1,1]], bs: [[0,0,0,0],[0,1,0,0],[1,0,1,0],[1,1,0,0]]},
{as: [[0,0,1,1],[0,1,1,1],[1,0,1,1],[1,1,0,1],[1,1,1,1]], bs: [[0,0,0,0],[0,1,0,0],[1,0,1,0],[1,1,1,0]]},
{as: [[0,0,1,1],[0,1,1,1],[1,0,1,1],[1,1,0,1],[1,1,1,1]], bs: [[0,0,0,0],[0,1,0,1],[0,1,1,0],[1,0,0,1]]},
{as: [[0,0,1,1],[0,1,1,1],[1,0,1,1],[1,1,0,1],[1,1,1,1]], bs: [[0,0,0,0],[0,1,0,1],[0,1,1,0],[1,0,1,0]]},
{as: [[0,0,1,1],[0,1,1,1],[1,0,1,1],[1,1,0,1],[1,1,1,1]], bs: [[0,0,0,0],[0,1,0,1],[1,0,0,1],[1,1,0,0]]},
{as: [[0,0,1,1],[0,1,1,1],[1,0,1,1],[1,1,0,1],[1,1,1,1]], bs: [[0,0,0,0],[0,1,0,1],[1,0,0,1],[1,1,1,0]]},
{as: [[0,0,1,1],[0,1,1,1],[1,0,1,1],[1,1,0,1],[1,1,1,1]], bs: [[0,0,0,0],[0,1,0,1],[1,0,1,0],[1,1,0,0]]},
{as: [[0,0,1,1],[0,1,1,1],[1,0,1,1],[1,1,0,1],[1,1,1,1]], bs: [[0,0,0,0],[0,1,0,1],[1,0,1,0],[1,1,1,0]]},
{as: [[0,0,1,1],[0,1,1,1],[1,0,1,1],[1,1,0,1],[1,1,1,1]], bs: [[0,0,0,0],[0,1,1,0],[1,0,1,0],[1,1,0,0]]},
{as: [[0,0,1,1],[0,1,1,1],[1,0,1,1],[1,1,0,1],[1,1,1,1]], bs: [[0,0,0,1],[0,0,1,0],[0,1,0,0],[0,1,0,1]]},
{as: [[0,0,1,1],[0,1,1,1],[1,0,1,1],[1,1,0,1],[1,1,1,1]], bs: [[0,0,0,1],[0,0,1,0],[0,1,0,0],[0,1,1,0]]},
{as: [[0,0,1,1],[0,1,1,1],[1,0,1,1],[1,1,0,1],[1,1,1,1]], bs: [[0,0,0,1],[0,0,1,0],[0,1,0,0],[1,0,0,0]]},
{as: [[0,0,1,1],[0,1,1,1],[1,0,1,1],[1,1,0,1],[1,1,1,1]], bs: [[0,0,0,1],[0,0,1,0],[0,1,0,0],[1,0,0,1]]},
{as: [[0,0,1,1],[0,1,1,1],[1,0,1,1],[1,1,0,1],[1,1,1,1]], bs: [[0,0,0,1],[0,0,1,0],[0,1,0,0],[1,0,1,0]]},
{as: [[0,0,1,1],[0,1,1,1],[1,0,1,1],[1,1,0,1],[1,1,1,1]], bs: [[0,0,0,1],[0,0,1,0],[0,1,0,0],[1,1,0,0]]},
{as: [[0,0,1,1],[0,1,1,1],[1,0,1,1],[1,1,0,1],[1,1,1,1]], bs: [[0,0,0,1],[0,0,1,0],[0,1,0,0],[1,1,1,0]]},
{as: [[0,0,1,1],[0,1,1,1],[1,0,1,1],[1,1,0,1],[1,1,1,1]], bs: [[0,0,0,1],[0,0,1,0],[0,1,0,1],[0,1,1,0]]},
{as: [[0,0,1,1],[0,1,1,1],[1,0,1,1],[1,1,0,1],[1,1,1,1]], bs: [[0,0,0,1],[0,0,1,0],[0,1,0,1],[1,0,1,0]]},
{as: [[0,0,1,1],[0,1,1,1],[1,0,1,1],[1,1,0,1],[1,1,1,1]], bs: [[0,0,0,1],[0,0,1,0],[0,1,0,1],[1,1,0,0]]},
{as: [[0,0,1,1],[0,1,1,1],[1,0,1,1],[1,1,0,1],[1,1,1,1]], bs: [[0,0,0,1],[0,0,1,0],[0,1,0,1],[1,1,1,0]]},
{as: [[0,0,1,1],[0,1,1,1],[1,0,1,1],[1,1,0,1],[1,1,1,1]], bs: [[0,0,0,1],[0,0,1,0],[0,1,1,0],[1,1,0,0]]},
{as: [[0,0,1,1],[0,1,1,1],[1,0,1,1],[1,1,0,1],[1,1,1,1]], bs: [[0,0,0,1],[0,0,1,0],[1,1,0,0],[1,1,1,0]]},
{as: [[0,0,1,1],[0,1,1,1],[1,0,1,1],[1,1,0,1],[1,1,1,1]], bs: [[0,0,0,1],[0,1,0,0],[0,1,0,1],[1,0,0,0]]},
{as: [[0,0,1,1],[0,1,1,1],[1,0,1,1],[1,1,0,1],[1,1,1,1]], bs: [[0,0,0,1],[0,1,0,0],[0,1,0,1],[1,0,1,0]]},
{as: [[0,0,1,1],[0,1,1,1],[1,0,1,1],[1,1,0,1],[1,1,1,1]], bs: [[0,0,0,1],[0,1,0,0],[0,1,1,0],[1,0,0,0]]},
{as: [[0,0,1,1],[0,1,1,1],[1,0,1,1],[1,1,0,1],[1,1,1,1]], bs: [[0,0,0,1],[0,1,0,0],[0,1,1,0],[1,0,0,1]]},
{as: [[0,0,1,1],[0,1,1,1],[1,0,1,1],[1,1,0,1],[1,1,1,1]], bs: [[0,0,0,1],[0,1,0,0],[0,1,1,0],[1,0,1,0]]},
{as: [[0,0,1,1],[0,1,1,1],[1,0,1,1],[1,1,0,1],[1,1,1,1]], bs: [[0,0,0,1],[0,1,0,0],[1,0,0,0],[1,1,0,0]]},
{as: [[0,0,1,1],[0,1,1,1],[1,0,1,1],[1,1,0,1],[1,1,1,1]], bs: [[0,0,0,1],[0,1,0,0],[1,0,0,0],[1,1,1,0]]},
{as: [[0,0,1,1],[0,1,1,1],[1,0,1,1],[1,1,0,1],[1,1,1,1]], bs: [[0,0,0,1],[0,1,0,0],[1,0,0,1],[1,0,1,0]]},
{as: [[0,0,1,1],[0,1,1,1],[1,0,1,1],[1,1,0,1],[1,1,1,1]], bs: [[0,0,0,1],[0,1,0,0],[1,0,0,1],[1,1,0,0]]},
{as: [[0,0,1,1],[0,1,1,1],[1,0,1,1],[1,1,0,1],[1,1,1,1]], bs: [[0,0,0,1],[0,1,0,0],[1,0,0,1],[1,1,1,0]]},
{as: [[0,0,1,1],[0,1,1,1],[1,0,1,1],[1,1,0,1],[1,1,1,1]], bs: [[0,0,0,1],[0,1,0,0],[1,0,1,0],[1,1,0,0]]},
{as: [[0,0,1,1],[0,1,1,1],[1,0,1,1],[1,1,0,1],[1,1,1,1]], bs: [[0,0,0,1],[0,1,0,0],[1,0,1,0],[1,1,1,0]]},
{as: [[0,0,1,1],[0,1,1,1],[1,0,1,1],[1,1,0,1],[1,1,1,1]], bs: [[0,0,0,1],[0,1,0,1],[0,1,1,0],[1,0,1,0]]},
{as: [[0,0,1,1],[0,1,1,1],[1,0,1,1],[1,1,0,1],[1,1,1,1]], bs: [[0,0,0,1],[0,1,0,1],[1,0,1,0],[1,1,0,0]]},
{as: [[0,0,1,1],[0,1,1,1],[1,0,1,1],[1,1,0,1],[1,1,1,1]], bs: [[0,0,0,1],[0,1,0,1],[1,0,1,0],[1,1,1,0]]},
{as: [[0,0,1,1],[0,1,1,1],[1,0,1,1],[1,1,0,1],[1,1,1,1]], bs: [[0,0,0,1],[0,1,1,0],[1,0,1,0],[1,1,0,0]]},
{as: [[0,0,1,1],[0,1,1,1],[1,0,1,1],[1,1,0,1],[1,1,1,1]], bs: [[0,0,1,0],[0,1,0,0],[0,1,0,1],[1,0,0,0]]},
{as: [[0,0,1,1],[0,1,1,1],[1,0,1,1],[1,1,0,1],[1,1,1,1]], bs: [[0,0,1,0],[0,1,0,0],[0,1,0,1],[1,0,0,1]]},
{as: [[0,0,1,1],[0,1,1,1],[1,0,1,1],[1,1,0,1],[1,1,1,1]], bs: [[0,0,1,0],[0,1,0,0],[0,1,0,1],[1,0,1,0]]},
{as: [[0,0,1,1],[0,1,1,1],[1,0,1,1],[1,1,0,1],[1,1,1,1]], bs: [[0,0,1,0],[0,1,0,0],[0,1,1,0],[1,0,0,0]]},
{as: [[0,0,1,1],[0,1,1,1],[1,0,1,1],[1,1,0,1],[1,1,1,1]], bs: [[0,0,1,0],[0,1,0,0],[0,1,1,0],[1,0,0,1]]},
{as: [[0,0,1,1],[0,1,1,1],[1,0,1,1],[1,1,0,1],[1,1,1,1]], bs: [[0,0,1,0],[0,1,0,0],[1,0,0,0],[1,1,0,0]]},
{as: [[0,0,1,1],[0,1,1,1],[1,0,1,1],[1,1,0,1],[1,1,1,1]], bs: [[0,0,1,0],[0,1,0,0],[1,0,0,0],[1,1,1,0]]},
{as: [[0,0,1,1],[0,1,1,1],[1,0,1,1],[1,1,0,1],[1,1,1,1]], bs: [[0,0,1,0],[0,1,0,0],[1,0,0,1],[1,0,1,0]]},
{as: [[0,0,1,1],[0,1,1,1],[1,0,1,1],[1,1,0,1],[1,1,1,1]], bs: [[0,0,1,0],[0,1,0,0],[1,0,0,1],[1,1,0,0]]},
{as: [[0,0,1,1],[0,1,1,1],[1,0,1,1],[1,1,0,1],[1,1,1,1]], bs: [[0,0,1,0],[0,1,0,0],[1,0,0,1],[1,1,1,0]]},
{as: [[0,0,1,1],[0,1,1,1],[1,0,1,1],[1,1,0,1],[1,1,1,1]], bs: [[0,0,1,0],[0,1,0,0],[1,0,1,0],[1,1,0,0]]},
{as: [[0,0,1,1],[0,1,1,1],[1,0,1,1],[1,1,0,1],[1,1,1,1]], bs: [[0,0,1,0],[0,1,0,1],[0,1,1,0],[1,0,0,1]]},
{as: [[0,0,1,1],[0,1,1,1],[1,0,1,1],[1,1,0,1],[1,1,1,1]], bs: [[0,0,1,0],[0,1,0,1],[1,0,0,1],[1,1,0,0]]},
{as: [[0,0,1,1],[0,1,1,1],[1,0,1,1],[1,1,0,1],[1,1,1,1]], bs: [[0,0,1,0],[0,1,0,1],[1,0,0,1],[1,1,1,0]]},
{as: [[0,0,1,1],[0,1,1,1],[1,0,1,1],[1,1,0,1],[1,1,1,1]], bs: [[0,0,1,0],[0,1,0,1],[1,0,1,0],[1,1,0,0]]},
{as: [[0,0,1,1],[0,1,1,1],[1,0,1,1],[1,1,0,1],[1,1,1,1]], bs: [[0,1,0,0],[0,1,0,1],[1,0,0,0],[1,0,0,1]]},
{as: [[0,0,1,1],[0,1,1,1],[1,0,1,1],[1,1,0,1],[1,1,1,1]], bs: [[0,1,0,0],[0,1,0,1],[1,0,0,0],[1,0,1,0]]},
{as: [[0,0,1,1],[0,1,1,1],[1,0,1,1],[1,1,0,1],[1,1,1,1]], bs: [[0,1,0,0],[0,1,0,1],[1,0,0,1],[1,0,1,0]]},
{as: [[0,0,1,1],[0,1,1,1],[1,0,1,1],[1,1,0,1],[1,1,1,1]], bs: [[0,1,0,0],[0,1,1,0],[1,0,0,0],[1,0,1,0]]},
{as: [[0,0,1,1],[0,1,1,1],[1,0,1,1],[1,1,0,1],[1,1,1,1]], bs: [[0,1,0,0],[0,1,1,0],[1,0,0,1],[1,0,1,0]]},
{as: [[0,0,1,1],[0,1,1,1],[1,0,1,1],[1,1,0,1],[1,1,1,1]], bs: [[0,1,0,1],[0,1,1,0],[1,0,0,1],[1,0,1,0]]},
{as: [[0,0,1,1],[0,1,1,1],[1,1,0,0],[1,1,0,1],[1,1,1,1]], bs: [[0,0,0,0],[0,0,0,1],[0,0,1,0],[0,1,0,0]]},
{as: [[0,0,1,1],[0,1,1,1],[1,1,0,0],[1,1,0,1],[1,1,1,1]], bs: [[0,0,0,0],[0,0,0,1],[0,0,1,0],[0,1,0,1]]},
{as: [[0,0,1,1],[0,1,1,1],[1,1,0,0],[1,1,0,1],[1,1,1,1]], bs: [[0,0,0,0],[0,0,0,1],[0,0,1,0],[0,1,1,0]]},
{as: [[0,0,1,1],[0,1,1,1],[1,1,0,0],[1,1,0,1],[1,1,1,1]], bs: [[0,0,0,0],[0,0,0,1],[0,0,1,0],[1,0,0,0]]},
{as: [[0,0,1,1],[0,1,1,1],[1,1,0,0],[1,1,0,1],[1,1,1,1]], bs: [[0,0,0,0],[0,0,0,1],[0,0,1,0],[1,0,0,1]]},
{as: [[0,0,1,1],[0,1,1,1],[1,1,0,0],[1,1,0,1],[1,1,1,1]], bs: [[0,0,0,0],[0,0,0,1],[0,0,1,0],[1,0,1,0]]},
{as: [[0,0,1,1],[0,1,1,1],[1,1,0,0],[1,1,0,1],[1,1,1,1]], bs: [[0,0,0,0],[0,0,0,1],[0,0,1,0],[1,0,1,1]]},
{as: [[0,0,1,1],[0,1,1,1],[1,1,0,0],[1,1,0,1],[1,1,1,1]], bs: [[0,0,0,0],[0,0,0,1],[0,1,0,0],[0,1,0,1]]},
{as: [[0,0,1,1],[0,1,1,1],[1,1,0,0],[1,1,0,1],[1,1,1,1]], bs: [[0,0,0,0],[0,0,0,1],[0,1,0,0],[0,1,1,0]]},
{as: [[0,0,1,1],[0,1,1,1],[1,1,0,0],[1,1,0,1],[1,1,1,1]], bs: [[0,0,0,0],[0,0,0,1],[0,1,0,0],[1,0,1,0]]},
{as: [[0,0,1,1],[0,1,1,1],[1,1,0,0],[1,1,0,1],[1,1,1,1]], bs: [[0,0,0,0],[0,0,0,1],[0,1,0,1],[0,1,1,0]]},
{as: [[0,0,1,1],[0,1,1,1],[1,1,0,0],[1,1,0,1],[1,1,1,1]], bs: [[0,0,0,0],[0,0,0,1],[0,1,0,1],[1,0,0,0]]},
{as: [[0,0,1,1],[0,1,1,1],[1,1,0,0],[1,1,0,1],[1,1,1,1]], bs: [[0,0,0,0],[0,0,0,1],[0,1,1,0],[1,0,0,0]]},
{as: [[0,0,1,1],[0,1,1,1],[1,1,0,0],[1,1,0,1],[1,1,1,1]], bs: [[0,0,0,0],[0,0,0,1],[0,1,1,0],[1,0,1,0]]},
{as: [[0,0,1,1],[0,1,1,1],[1,1,0,0],[1,1,0,1],[1,1,1,1]], bs: [[0,0,0,0],[0,0,0,1],[1,0,0,0],[1,0,0,1]]},
{as: [[0,0,1,1],[0,1,1,1],[1,1,0,0],[1,1,0,1],[1,1,1,1]], bs: [[0,0,0,0],[0,0,0,1],[1,0,0,0],[1,0,1,0]]},
{as: [[0,0,1,1],[0,1,1,1],[1,1,0,0],[1,1,0,1],[1,1,1,1]], bs: [[0,0,0,0],[0,0,0,1],[1,0,0,0],[1,0,1,1]]},
{as: [[0,0,1,1],[0,1,1,1],[1,1,0,0],[1,1,0,1],[1,1,1,1]], bs: [[0,0,0,0],[0,0,0,1],[1,0,0,1],[1,0,1,0]]},
{as: [[0,0,1,1],[0,1,1,1],[1,1,0,0],[1,1,0,1],[1,1,1,1]], bs: [[0,0,0,0],[0,0,0,1],[1,0,1,0],[1,0,1,1]]},
{as: [[0,0,1,1],[0,1,1,1],[1,1,0,0],[1,1,0,1],[1,1,1,1]], bs: [[0,0,0,0],[0,0,1,0],[0,1,0,1],[0,1,1,0]]},
{as: [[0,0,1,1],[0,1,1,1],[1,1,0,0],[1,1,0,1],[1,1,1,1]], bs: [[0,0,0,0],[0,0,1,0],[0,1,0,1],[1,0,0,0]]},
{as: [[0,0,1,1],[0,1,1,1],[1,1,0,0],[1,1,0,1],[1,1,1,1]], bs: [[0,0,0,0],[0,0,1,0],[0,1,0,1],[1,0,0,1]]},
{as: [[0,0,1,1],[0,1,1,1],[1,1,0,0],[1,1,0,1],[1,1,1,1]], bs: [[0,0,0,0],[0,0,1,0],[0,1,1,0],[1,0,0,0]]},
{as: [[0,0,1,1],[0,1,1,1],[1,1,0,0],[1,1,0,1],[1,1,1,1]], bs: [[0,0,0,0],[0,0,1,0],[1,0,0,0],[1,0,1,0]]},
{as: [[0,0,1,1],[0,1,1,1],[1,1,0,0],[1,1,0,1],[1,1,1,1]], bs: [[0,0,0,0],[0,0,1,0],[1,0,0,0],[1,0,1,1]]},
{as: [[0,0,1,1],[0,1,1,1],[1,1,0,0],[1,1,0,1],[1,1,1,1]], bs: [[0,0,0,0],[0,0,1,0],[1,0,0,1],[1,0,1,0]]},
{as: [[0,0,1,1],[0,1,1,1],[1,1,0,0],[1,1,0,1],[1,1,1,1]], bs: [[0,0,0,0],[0,0,1,0],[1,0,0,1],[1,0,1,1]]},
{as: [[0,0,1,1],[0,1,1,1],[1,1,0,0],[1,1,0,1],[1,1,1,1]], bs: [[0,0,0,0],[0,0,1,0],[1,0,0,1],[1,1,1,0]]},
{as: [[0,0,1,1],[0,1,1,1],[1,1,0,0],[1,1,0,1],[1,1,1,1]], bs: [[0,0,0,1],[0,0,1,0],[0,1,0,0],[0,1,0,1]]},
{as: [[0,0,1,1],[0,1,1,1],[1,1,0,0],[1,1,0,1],[1,1,1,1]], bs: [[0,0,0,1],[0,0,1,0],[0,1,0,0],[0,1,1,0]]},
{as: [[0,0,1,1],[0,1,1,1],[1,1,0,0],[1,1,0,1],[1,1,1,1]], bs: [[0,0,0,1],[0,0,1,0],[0,1,0,0],[1,0,0,0]]},
{as: [[0,0,1,1],[0,1,1,1],[1,1,0,0],[1,1,0,1],[1,1,1,1]], bs: [[0,0,0,1],[0,0,1,0],[0,1,0,0],[1,0,0,1]]},
{as: [[0,0,1,1],[0,1,1,1],[1,1,0,0],[1,1,0,1],[1,1,1,1]], bs: [[0,0,0,1],[0,0,1,0],[0,1,0,0],[1,0,1,0]]},
{as: [[0,0,1,1],[0,1,1,1],[1,1,0,0],[1,1,0,1],[1,1,1,1]], bs: [[0,0,0,1],[0,0,1,0],[0,1,0,1],[0,1,1,0]]},
{as: [[0,0,1,1],[0,1,1,1],[1,1,0,0],[1,1,0,1],[1,1,1,1]], bs: [[0,0,0,1],[0,0,1,0],[0,1,0,1],[1,0,0,0]]},
{as: [[0,0,1,1],[0,1,1,1],[1,1,0,0],[1,1,0,1],[1,1,1,1]], bs: [[0,0,0,1],[0,0,1,0],[0,1,1,0],[1,0,0,0]]},
{as: [[0,0,1,1],[0,1,1,1],[1,1,0,0],[1,1,0,1],[1,1,1,1]], bs: [[0,0,0,1],[0,0,1,0],[1,0,0,0],[1,0,0,1]]},
{as: [[0,0,1,1],[0,1,1,1],[1,1,0,0],[1,1,0,1],[1,1,1,1]], bs: [[0,0,0,1],[0,0,1,0],[1,0,0,0],[1,0,1,0]]},
{as: [[0,0,1,1],[0,1,1,1],[1,1,0,0],[1,1,0,1],[1,1,1,1]], bs: [[0,0,0,1],[0,0,1,0],[1,0,0,0],[1,0,1,1]]},
{as: [[0,0,1,1],[0,1,1,1],[1,1,0,0],[1,1,0,1],[1,1,1,1]], bs: [[0,0,0,1],[0,0,1,0],[1,0,0,1],[1,0,1,0]]},
{as: [[0,0,1,1],[0,1,1,1],[1,1,0,0],[1,1,0,1],[1,1,1,1]], bs: [[0,0,0,1],[0,1,0,0],[0,1,1,0],[1,0,1,0]]},
{as: [[0,0,1,1],[0,1,1,1],[1,1,0,0],[1,1,0,1],[1,1,1,1]], bs: [[0,0,0,1],[0,1,0,1],[0,1,1,0],[1,0,0,0]]},
{as: [[0,0,1,1],[0,1,1,1],[1,1,0,0],[1,1,0,1],[1,1,1,1]], bs: [[0,0,0,1],[0,1,1,0],[1,0,0,0],[1,0,1,0]]},
{as: [[0,0,1,1],[0,1,1,1],[1,1,0,0],[1,1,0,1],[1,1,1,1]], bs: [[0,0,1,0],[0,1,0,1],[0,1,1,0],[1,0,0,0]]},
{as: [[0,0,1,1],[0,1,1,1],[1,1,0,1],[1,1,1,0],[1,1,1,1]], bs: [[0,0,0,0],[0,0,0,1],[0,0,1,0],[0,1,0,0]]},
{as: [[0,0,1,1],[0,1,1,1],[1,1,0,1],[1,1,1,0],[1,1,1,1]], bs: [[0,0,0,0],[0,0,0,1],[0,0,1,0],[0,1,0,1]]},
{as: [[0,0,1,1],[0,1,1,1],[1,1,0,1],[1,1,1,0],[1,1,1,1]], bs: [[0,0,0,0],[0,0,0,1],[0,0,1,0],[1,0,0,0]]},
{as: [[0,0,1,1],[0,1,1,1],[1,1,0,1],[1,1,1,0],[1,1,1,1]], bs: [[0,0,0,0],[0,0,0,1],[0,0,1,0],[1,0,0,1]]},
{as: [[0,0,1,1],[0,1,1,1],[1,1,0,1],[1,1,1,0],[1,1,1,1]], bs: [[0,0,0,0],[0,0,0,1],[0,0,1,0],[1,0,1,1]]},
{as: [[0,0,1,1],[0,1,1,1],[1,1,0,1],[1,1,1,0],[1,1,1,1]], bs: [[0,0,0,0],[0,0,0,1],[0,0,1,0],[1,1,0,0]]},
{as: [[0,0,1,1],[0,1,1,1],[1,1,0,1],[1,1,1,0],[1,1,1,1]], bs: [[0,0,0,0],[0,0,0,1],[0,1,0,0],[0,1,0,1]]},
{as: [[0,0,1,1],[0,1,1,1],[1,1,0,1],[1,1,1,0],[1,1,1,1]], bs: [[0,0,0,0],[0,0,0,1],[0,1,0,0],[0,1,1,0]]},
{as: [[0,0,1,1],[0,1,1,1],[1,1,0,1],[1,1,1,0],[1,1,1,1]], bs: [[0,0,0,0],[0,0,0,1],[0,1,0,0],[1,0,0,0]]},
{as: [[0,0,1,1],[0,1,1,1],[1,1,0,1],[1,1,1,0],[1,1,1,1]], bs: [[0,0,0,0],[0,0,0,1],[0,1,0,0],[1,0,0,1]]},
{as: [[0,0,1,1],[0,1,1,1],[1,1,0,1],[1,1,1,0],[1,1,1,1]], bs: [[0,0,0,0],[0,0,0,1],[0,1,0,0],[1,0,1,0]]},
{as: [[0,0,1,1],[0,1,1,1],[1,1,0,1],[1,1,1,0],[1,1,1,1]], bs: [[0,0,0,0],[0,0,0,1],[0,1,0,0],[1,0,1,1]]},
{as: [[0,0,1,1],[0,1,1,1],[1,1,0,1],[1,1,1,0],[1,1,1,1]], bs: [[0,0,0,0],[0,0,0,1],[0,1,0,0],[1,1,0,0]]},
{as: [[0,0,1,1],[0,1,1,1],[1,1,0,1],[1,1,1,0],[1,1,1,1]], bs: [[0,0,0,0],[0,0,0,1],[0,1,0,1],[0,1,1,0]]},
{as: [[0,0,1,1],[0,1,1,1],[1,1,0,1],[1,1,1,0],[1,1,1,1]], bs: [[0,0,0,0],[0,0,0,1],[0,1,0,1],[1,0,0,0]]},
{as: [[0,0,1,1],[0,1,1,1],[1,1,0,1],[1,1,1,0],[1,1,1,1]], bs: [[0,0,0,0],[0,0,0,1],[0,1,0,1],[1,0,1,0]]},
{as: [[0,0,1,1],[0,1,1,1],[1,1,0,1],[1,1,1,0],[1,1,1,1]], bs: [[0,0,0,0],[0,0,0,1],[0,1,0,1],[1,1,0,0]]},
{as: [[0,0,1,1],[0,1,1,1],[1,1,0,1],[1,1,1,0],[1,1,1,1]], bs: [[0,0,0,0],[0,0,0,1],[0,1,1,0],[1,0,0,0]]},
{as: [[0,0,1,1],[0,1,1,1],[1,1,0,1],[1,1,1,0],[1,1,1,1]], bs: [[0,0,0,0],[0,0,0,1],[0,1,1,0],[1,0,0,1]]},
{as: [[0,0,1,1],[0,1,1,1],[1,1,0,1],[1,1,1,0],[1,1,1,1]], bs: [[0,0,0,0],[0,0,0,1],[0,1,1,0],[1,0,1,0]]},
{as: [[0,0,1,1],[0,1,1,1],[1,1,0,1],[1,1,1,0],[1,1,1,1]], bs: [[0,0,0,0],[0,0,0,1],[0,1,1,0],[1,1,0,0]]},
{as: [[0,0,1,1],[0,1,1,1],[1,1,0,1],[1,1,1,0],[1,1,1,1]], bs: [[0,0,0,0],[0,0,0,1],[1,0,0,0],[1,0,0,1]]},
{as: [[0,0,1,1],[0,1,1,1],[1,1,0,1],[1,1,1,0],[1,1,1,1]], bs: [[0,0,0,0],[0,0,0,1],[1,0,0,0],[1,0,1,0]]},
{as: [[0,0,1,1],[0,1,1,1],[1,1,0,1],[1,1,1,0],[1,1,1,1]], bs: [[0,0,0,0],[0,0,0,1],[1,0,0,0],[1,0,1,1]]},
{as: [[0,0,1,1],[0,1,1,1],[1,1,0,1],[1,1,1,0],[1,1,1,1]], bs: [[0,0,0,0],[0,0,0,1],[1,0,0,0],[1,1,0,0]]},
{as: [[0,0,1,1],[0,1,1,1],[1,1,0,1],[1,1,1,0],[1,1,1,1]], bs: [[0,0,0,0],[0,0,0,1],[1,0,0,1],[1,0,1,0]]},
{as: [[0,0,1,1],[0,1,1,1],[1,1,0,1],[1,1,1,0],[1,1,1,1]], bs: [[0,0,0,0],[0,0,0,1],[1,0,0,1],[1,1,0,0]]},
{as: [[0,0,1,1],[0,1,1,1],[1,1,0,1],[1,1,1,0],[1,1,1,1]], bs: [[0,0,0,0],[0,0,0,1],[1,0,1,0],[1,0,1,1]]},
{as: [[0,0,1,1],[0,1,1,1],[1,1,0,1],[1,1,1,0],[1,1,1,1]], bs: [[0,0,0,0],[0,0,0,1],[1,0,1,0],[1,1,0,0]]},
{as: [[0,0,1,1],[0,1,1,1],[1,1,0,1],[1,1,1,0],[1,1,1,1]], bs: [[0,0,0,0],[0,0,0,1],[1,0,1,1],[1,1,0,0]]},
{as: [[0,0,1,1],[0,1,1,1],[1,1,0,1],[1,1,1,0],[1,1,1,1]], bs: [[0,0,0,0],[0,1,0,0],[0,1,0,1],[1,0,0,0]]},
{as: [[0,0,1,1],[0,1,1,1],[1,1,0,1],[1,1,1,0],[1,1,1,1]], bs: [[0,0,0,0],[0,1,0,0],[0,1,0,1],[1,0,0,1]]},
{as: [[0,0,1,1],[0,1,1,1],[1,1,0,1],[1,1,1,0],[1,1,1,1]], bs: [[0,0,0,0],[0,1,0,0],[0,1,0,1],[1,0,1,0]]},
{as: [[0,0,1,1],[0,1,1,1],[1,1,0,1],[1,1,1,0],[1,1,1,1]], bs: [[0,0,0,0],[0,1,0,0],[1,0,0,0],[1,0,0,1]]},
{as: [[0,0,1,1],[0,1,1,1],[1,1,0,1],[1,1,1,0],[1,1,1,1]], bs: [[0,0,0,0],[0,1,0,0],[1,0,0,0],[1,0,1,1]]},
{as: [[0,0,1,1],[0,1,1,1],[1,1,0,1],[1,1,1,0],[1,1,1,1]], bs: [[0,0,0,0],[0,1,0,0],[1,0,0,0],[1,1,0,0]]},
{as: [[0,0,1,1],[0,1,1,1],[1,1,0,1],[1,1,1,0],[1,1,1,1]], bs: [[0,0,0,0],[0,1,0,0],[1,0,0,1],[1,0,1,0]]},
{as: [[0,0,1,1],[0,1,1,1],[1,1,0,1],[1,1,1,0],[1,1,1,1]], bs: [[0,0,0,0],[0,1,0,0],[1,0,0,1],[1,0,1,1]]},
{as: [[0,0,1,1],[0,1,1,1],[1,1,0,1],[1,1,1,0],[1,1,1,1]], bs: [[0,0,0,0],[0,1,0,0],[1,0,0,1],[1,1,0,0]]},
{as: [[0,0,1,1],[0,1,1,1],[1,1,0,1],[1,1,1,0],[1,1,1,1]], bs: [[0,0,0,0],[0,1,0,0],[1,0,1,1],[1,1,0,0]]},
{as: [[0,0,1,1],[0,1,1,1],[1,1,0,1],[1,1,1,0],[1,1,1,1]], bs: [[0,0,0,0],[0,1,0,1],[0,1,1,0],[1,0,0,0]]},
{as: [[0,0,1,1],[0,1,1,1],[1,1,0,1],[1,1,1,0],[1,1,1,1]], bs: [[0,0,0,0],[0,1,0,1],[0,1,1,0],[1,0,0,1]]},
{as: [[0,0,1,1],[0,1,1,1],[1,1,0,1],[1,1,1,0],[1,1,1,1]], bs: [[0,0,0,0],[0,1,0,1],[1,0,0,0],[1,0,0,1]]},
{as: [[0,0,1,1],[0,1,1,1],[1,1,0,1],[1,1,1,0],[1,1,1,1]], bs: [[0,0,0,0],[0,1,0,1],[1,0,0,0],[1,0,1,0]]},
{as: [[0,0,1,1],[0,1,1,1],[1,1,0,1],[1,1,1,0],[1,1,1,1]], bs: [[0,0,0,0],[0,1,0,1],[1,0,0,0],[1,1,0,0]]},
{as: [[0,0,1,1],[0,1,1,1],[1,1,0,1],[1,1,1,0],[1,1,1,1]], bs: [[0,0,0,0],[0,1,0,1],[1,0,0,1],[1,0,1,0]]},
{as: [[0,0,1,1],[0,1,1,1],[1,1,0,1],[1,1,1,0],[1,1,1,1]], bs: [[0,0,0,0],[0,1,0,1],[1,0,0,1],[1,1,0,0]]},
{as: [[0,0,1,1],[0,1,1,1],[1,1,0,1],[1,1,1,0],[1,1,1,1]], bs: [[0,0,0,0],[0,1,0,1],[1,0,1,0],[1,1,0,0]]},
{as: [[0,0,1,1],[0,1,1,1],[1,1,0,1],[1,1,1,0],[1,1,1,1]], bs: [[0,0,0,1],[0,0,1,0],[0,1,0,0],[0,1,0,1]]},
{as: [[0,0,1,1],[0,1,1,1],[1,1,0,1],[1,1,1,0],[1,1,1,1]], bs: [[0,0,0,1],[0,0,1,0],[0,1,0,0],[1,0,0,0]]},
{as: [[0,0,1,1],[0,1,1,1],[1,1,0,1],[1,1,1,0],[1,1,1,1]], bs: [[0,0,0,1],[0,0,1,0],[0,1,0,0],[1,0,0,1]]},
{as: [[0,0,1,1],[0,1,1,1],[1,1,0,1],[1,1,1,0],[1,1,1,1]], bs: [[0,0,0,1],[0,0,1,0],[0,1,0,0],[1,0,1,1]]},
{as: [[0,0,1,1],[0,1,1,1],[1,1,0,1],[1,1,1,0],[1,1,1,1]], bs: [[0,0,0,1],[0,0,1,0],[0,1,0,0],[1,1,0,0]]},
{as: [[0,0,1,1],[0,1,1,1],[1,1,0,1],[1,1,1,0],[1,1,1,1]], bs: [[0,0,0,1],[0,0,1,0],[0,1,0,1],[0,1,1,0]]},
{as: [[0,0,1,1],[0,1,1,1],[1,1,0,1],[1,1,1,0],[1,1,1,1]], bs: [[0,0,0,1],[0,0,1,0],[0,1,0,1],[1,0,0,0]]},
{as: [[0,0,1,1],[0,1,1,1],[1,1,0,1],[1,1,1,0],[1,1,1,1]], bs: [[0,0,0,1],[0,0,1,0],[0,1,0,1],[1,0,1,0]]},
{as: [[0,0,1,1],[0,1,1,1],[1,1,0,1],[1,1,1,0],[1,1,1,1]], bs: [[0,0,0,1],[0,0,1,0],[0,1,0,1],[1,1,0,0]]},
{as: [[0,0,1,1],[0,1,1,1],[1,1,0,1],[1,1,1,0],[1,1,1,1]], bs: [[0,0,0,1],[0,0,1,0],[1,0,0,0],[1,0,0,1]]},
{as: [[0,0,1,1],[0,1,1,1],[1,1,0,1],[1,1,1,0],[1,1,1,1]], bs: [[0,0,0,1],[0,0,1,0],[1,0,0,0],[1,0,1,1]]},
{as: [[0,0,1,1],[0,1,1,1],[1,1,0,1],[1,1,1,0],[1,1,1,1]], bs: [[0,0,0,1],[0,0,1,0],[1,0,0,0],[1,1,0,0]]},
{as: [[0,0,1,1],[0,1,1,1],[1,1,0,1],[1,1,1,0],[1,1,1,1]], bs: [[0,0,0,1],[0,0,1,0],[1,0,0,1],[1,0,1,0]]},
{as: [[0,0,1,1],[0,1,1,1],[1,1,0,1],[1,1,1,0],[1,1,1,1]], bs: [[0,0,0,1],[0,0,1,0],[1,0,0,1],[1,1,0,0]]},
{as: [[0,0,1,1],[0,1,1,1],[1,1,0,1],[1,1,1,0],[1,1,1,1]], bs: [[0,0,0,1],[0,0,1,0],[1,0,1,1],[1,1,0,0]]},
{as: [[0,0,1,1],[0,1,1,1],[1,1,0,1],[1,1,1,0],[1,1,1,1]], bs: [[0,0,0,1],[0,1,0,0],[0,1,0,1],[1,0,0,0]]},
{as: [[0,0,1,1],[0,1,1,1],[1,1,0,1],[1,1,1,0],[1,1,1,1]], bs: [[0,0,0,1],[0,1,0,0],[0,1,0,1],[1,0,1,0]]},
{as: [[0,0,1,1],[0,1,1,1],[1,1,0,1],[1,1,1,0],[1,1,1,1]], bs: [[0,0,0,1],[0,1,0,0],[0,1,1,0],[1,0,0,0]]},
{as: [[0,0,1,1],[0,1,1,1],[1,1,0,1],[1,1,1,0],[1,1,1,1]], bs: [[0,0,0,1],[0,1,0,0],[0,1,1,0],[1,0,0,1]]},
{as: [[0,0,1,1],[0,1,1,1],[1,1,0,1],[1,1,1,0],[1,1,1,1]], bs: [[0,0,0,1],[0,1,0,0],[0,1,1,0],[1,0,1,0]]},
{as: [[0,0,1,1],[0,1,1,1],[1,1,0,1],[1,1,1,0],[1,1,1,1]], bs: [[0,0,0,1],[0,1,0,0],[1,0,0,0],[1,0,0,1]]},
{as: [[0,0,1,1],[0,1,1,1],[1,1,0,1],[1,1,1,0],[1,1,1,1]], bs: [[0,0,0,1],[0,1,0,0],[1,0,0,0],[1,0,1,0]]},
{as: [[0,0,1,1],[0,1,1,1],[1,1,0,1],[1,1,1,0],[1,1,1,1]], bs: [[0,0,0,1],[0,1,0,0],[1,0,0,0],[1,0,1,1]]},
{as: [[0,0,1,1],[0,1,1,1],[1,1,0,1],[1,1,1,0],[1,1,1,1]], bs: [[0,0,0,1],[0,1,0,0],[1,0,0,0],[1,1,0,0]]},
{as: [[0,0,1,1],[0,1,1,1],[1,1,0,1],[1,1,1,0],[1,1,1,1]], bs: [[0,0,0,1],[0,1,0,0],[1,0,0,1],[1,0,1,0]]},
{as: [[0,0,1,1],[0,1,1,1],[1,1,0,1],[1,1,1,0],[1,1,1,1]], bs: [[0,0,0,1],[0,1,0,0],[1,0,0,1],[1,1,0,0]]},
{as: [[0,0,1,1],[0,1,1,1],[1,1,0,1],[1,1,1,0],[1,1,1,1]], bs: [[0,0,0,1],[0,1,0,0],[1,0,1,0],[1,0,1,1]]},
{as: [[0,0,1,1],[0,1,1,1],[1,1,0,1],[1,1,1,0],[1,1,1,1]], bs: [[0,0,0,1],[0,1,0,0],[1,0,1,0],[1,1,0,0]]},
{as: [[0,0,1,1],[0,1,1,1],[1,1,0,1],[1,1,1,0],[1,1,1,1]], bs: [[0,0,0,1],[0,1,0,0],[1,0,1,1],[1,1,0,0]]},
{as: [[0,0,1,1],[0,1,1,1],[1,1,0,1],[1,1,1,0],[1,1,1,1]], bs: [[0,0,0,1],[0,1,0,1],[0,1,1,0],[1,0,0,0]]},
{as: [[0,0,1,1],[0,1,1,1],[1,1,0,1],[1,1,1,0],[1,1,1,1]], bs: [[0,0,0,1],[0,1,0,1],[0,1,1,0],[1,0,1,0]]},
{as: [[0,0,1,1],[0,1,1,1],[1,1,0,1],[1,1,1,0],[1,1,1,1]], bs: [[0,0,0,1],[0,1,0,1],[1,0,0,0],[1,0,1,0]]},
{as: [[0,0,1,1],[0,1,1,1],[1,1,0,1],[1,1,1,0],[1,1,1,1]], bs: [[0,0,0,1],[0,1,0,1],[1,0,0,0],[1,1,0,0]]},
{as: [[0,0,1,1],[0,1,1,1],[1,1,0,1],[1,1,1,0],[1,1,1,1]], bs: [[0,0,0,1],[0,1,0,1],[1,0,1,0],[1,1,0,0]]},
{as: [[0,0,1,1],[0,1,1,1],[1,1,0,1],[1,1,1,0],[1,1,1,1]], bs: [[0,0,0,1],[0,1,1,0],[1,0,0,0],[1,0,0,1]]},
{as: [[0,0,1,1],[0,1,1,1],[1,1,0,1],[1,1,1,0],[1,1,1,1]], bs: [[0,0,0,1],[0,1,1,0],[1,0,0,0],[1,0,1,0]]},
{as: [[0,0,1,1],[0,1,1,1],[1,1,0,1],[1,1,1,0],[1,1,1,1]], bs: [[0,0,0,1],[0,1,1,0],[1,0,0,0],[1,1,0,0]]},
{as: [[0,0,1,1],[0,1,1,1],[1,1,0,1],[1,1,1,0],[1,1,1,1]], bs: [[0,0,0,1],[0,1,1,0],[1,0,0,1],[1,0,1,0]]},
{as: [[0,0,1,1],[0,1,1,1],[1,1,0,1],[1,1,1,0],[1,1,1,1]], bs: [[0,0,0,1],[0,1,1,0],[1,0,0,1],[1,1,0,0]]},
{as: [[0,0,1,1],[0,1,1,1],[1,1,0,1],[1,1,1,0],[1,1,1,1]], bs: [[0,0,0,1],[0,1,1,0],[1,0,1,0],[1,1,0,0]]},
{as: [[0,0,1,1],[0,1,1,1],[1,1,0,1],[1,1,1,0],[1,1,1,1]], bs: [[0,1,0,0],[0,1,0,1],[1,0,0,0],[1,0,0,1]]},
{as: [[0,0,1,1],[0,1,1,1],[1,1,0,1],[1,1,1,0],[1,1,1,1]], bs: [[0,1,0,0],[0,1,0,1],[1,0,0,0],[1,0,1,0]]},
{as: [[0,0,1,1],[0,1,1,1],[1,1,0,1],[1,1,1,0],[1,1,1,1]], bs: [[0,1,0,0],[0,1,0,1],[1,0,0,1],[1,0,1,0]]},
{as: [[0,0,1,1],[0,1,1,1],[1,1,0,1],[1,1,1,0],[1,1,1,1]], bs: [[0,1,0,1],[0,1,1,0],[1,0,0,0],[1,0,0,1]]},
{as: [[0,0,1,1],[0,1,1,1],[1,1,0,1],[1,1,1,0],[1,1,1,1]], bs: [[0,1,0,1],[0,1,1,0],[1,0,0,1],[1,0,1,0]]},
{as: [[0,1,1,1],[1,0,1,1],[1,1,0,1],[1,1,1,0],[1,1,1,1]], bs: [[0,0,0,0],[0,0,0,1],[0,0,1,0],[0,0,1,1]]},
{as: [[0,1,1,1],[1,0,1,1],[1,1,0,1],[1,1,1,0],[1,1,1,1]], bs: [[0,0,0,0],[0,0,0,1],[0,0,1,0],[0,1,0,0]]},
{as: [[0,1,1,1],[1,0,1,1],[1,1,0,1],[1,1,1,0],[1,1,1,1]], bs: [[0,0,0,0],[0,0,0,1],[0,0,1,0],[0,1,0,1]]},
{as: [[0,1,1,1],[1,0,1,1],[1,1,0,1],[1,1,1,0],[1,1,1,1]], bs: [[0,0,0,0],[0,0,0,1],[0,0,1,0],[1,1,0,0]]},
{as: [[0,1,1,1],[1,0,1,1],[1,1,0,1],[1,1,1,0],[1,1,1,1]], bs: [[0,0,0,0],[0,0,0,1],[0,0,1,1],[0,1,1,0]]},
{as: [[0,1,1,1],[1,0,1,1],[1,1,0,1],[1,1,1,0],[1,1,1,1]], bs: [[0,0,0,0],[0,0,0,1],[0,0,1,1],[1,1,0,0]]},
{as: [[0,1,1,1],[1,0,1,1],[1,1,0,1],[1,1,1,0],[1,1,1,1]], bs: [[0,0,0,0],[0,0,0,1],[0,1,1,0],[1,0,1,0]]},
{as: [[0,1,1,1],[1,0,1,1],[1,1,0,1],[1,1,1,0],[1,1,1,1]], bs: [[0,0,0,0],[0,0,1,1],[0,1,0,1],[0,1,1,0]]},
{as: [[0,1,1,1],[1,0,1,1],[1,1,0,1],[1,1,1,0],[1,1,1,1]], bs: [[0,0,0,0],[0,0,1,1],[0,1,0,1],[1,0,1,0]]},
{as: [[0,1,1,1],[1,0,1,1],[1,1,0,1],[1,1,1,0],[1,1,1,1]], bs: [[0,0,0,1],[0,0,1,0],[0,0,1,1],[0,1,0,0]]},
{as: [[0,1,1,1],[1,0,1,1],[1,1,0,1],[1,1,1,0],[1,1,1,1]], bs: [[0,0,0,1],[0,0,1,0],[0,0,1,1],[1,1,0,0]]},
{as: [[0,1,1,1],[1,0,1,1],[1,1,0,1],[1,1,1,0],[1,1,1,1]], bs: [[0,0,0,1],[0,0,1,0],[0,1,0,0],[1,0,0,0]]},
{as: [[0,1,1,1],[1,0,1,1],[1,1,0,1],[1,1,1,0],[1,1,1,1]], bs: [[0,0,0,1],[0,0,1,0],[0,1,0,0],[1,0,0,1]]},
{as: [[0,1,1,1],[1,0,1,1],[1,1,0,1],[1,1,1,0],[1,1,1,1]], bs: [[0,0,0,1],[0,0,1,0],[0,1,0,1],[0,1,1,0]]},
{as: [[0,1,1,1],[1,0,1,1],[1,1,0,1],[1,1,1,0],[1,1,1,1]], bs: [[0,0,0,1],[0,0,1,0],[0,1,0,1],[1,0,1,0]]},
{as: [[0,1,1,1],[1,0,1,1],[1,1,0,1],[1,1,1,0],[1,1,1,1]], bs: [[0,0,0,1],[0,0,1,0],[0,1,0,1],[1,1,0,0]]},
{as: [[0,1,1,1],[1,0,1,1],[1,1,0,1],[1,1,1,0],[1,1,1,1]], bs: [[0,0,0,1],[0,0,1,1],[0,1,1,0],[1,1,0,0]]},
{as: [[0,1,1,1],[1,0,1,1],[1,1,0,1],[1,1,1,0],[1,1,1,1]], bs: [[0,0,0,1],[0,1,1,0],[1,0,1,0],[1,1,0,0]]},
{as: [[0,1,1,1],[1,0,1,1],[1,1,0,1],[1,1,1,0],[1,1,1,1]], bs: [[0,0,1,1],[0,1,0,1],[1,0,1,0],[1,1,0,0]]},
{as: [[1,1,1,0],[1,0,1,0],[1,0,1,1],[1,1,0,1],[0,1,1,1]], bs: [[1,1,0,0],[0,1,1,0],[0,0,0,1],[0,0,0,0]]}
]
